256 256 256 256 256 256 256 256 256 256
256 256 256 256 256 256 254 256 256 256
256 252 254 254 254 250 252 252 249 227
205 194 187 185 186 190 200 217 240 256
253 256 256 256 256 254 251 256 253 254
254 251 253 251 251 256 256 256 256 256
256 256 256 256 256 256 256 256 256 256
256 256 256 256 256 256 256 256 256 256
256 256 256 256 256 256 256 256 256 256
256 256 256 249 256 254 256 254 248 252
254 246 212 164 141 146 149 141 144 142
139 136 134 135 141 147 179 225 256 253
240 256 256 248 250 251 253 256 256 256
256 249 256 256 256 256 256 256 256 256
256 256 256 256 256 256 256 256 256 256
256 256 256 256 256 256 256 256 256 256
256 256 256 256 256 256 256 256 253 256
254 256 256 251 254 231 179 152 137 146
153 147 142 146 145 145 145 145 142 137
133 132 130 119 132 199 254 254 244 254
254 252 254 254 252 251 256 256 256 256
256 256 256 256 256 256 256 256 256 256
256 256 256 256 256 256 256 256 256 256
256 256 256 256 256 256 256 256 256 256
256 256 256 256 256 246 256 252 256 243
180 147 153 147 147 152 153 148 147 151
152 150 149 150 149 145 141 138 135 134
131 119 131 192 246 253 254 254 254 254
254 251 248 254 256 256 256 256 256 256
256 256 256 256 256 256 256 256 256 256
256 256 256 256 256 256 256 256 256 256
256 256 256 256 256 256 256 256 256 256
242 256 256 252 205 145 145 148 144 149
154 155 160 172 184 190 187 179 168 160
154 149 145 144 136 141 131 126 124 116
150 219 245 254 254 244 254 256 253 252
256 256 256 256 256 256 256 256 256 256
256 256 256 256 256 256 256 256 256 256
256 256 256 256 256 256 256 256 256 256
256 256 256 256 256 256 254 254 238 166
134 158 157 156 160 170 189 215 229 216
181 151 133 127 122 122 127 133 140 145
143 131 133 134 124 122 121 110 182 238
254 252 250 254 256 256 256 256 256 256
256 256 256 256 256 256 256 256 256 256
256 256 256 256 256 256 256 256 256 256
256 256 256 256 256 256 256 256 256 256
256 256 254 208 149 151 158 147 157 166
205 231 224 168 113 90 84 77 84 82
80 82 84 87 91 94 111 130 135 135
137 123 113 121 113 161 228 254 254 252
253 252 256 256 256 256 256 256 256 256
256 256 256 256 256 256 256 256 256 256
256 256 256 256 256 256 256 256 256 256
256 256 256 256 256 256 256 256 196 160
145 152 156 159 189 235 220 157 99 82
86 85 88 98 94 95 97 99 98 95
93 93 92 97 108 122 132 132 127 122
119 97 147 227 252 252 254 254 256 256
256 256 256 256 256 256 256 256 256 256
256 256 256 256 256 256 256 256 256 256
256 256 256 256 256 256 256 256 249 252
256 254 256 197 144 145 153 160 168 214
232 173 95 88 84 88 98 106 110 111
115 119 118 115 114 116 114 108 104 100
97 102 114 125 130 128 119 119 103 126
234 254 254 253 254 256 251 250 256 256
252 256 256 256 256 256 256 256 256 256
256 256 256 256 256 256 256 256 256 256
256 256 252 247 256 256 253 252 200 152
141 159 159 157 220 225 129 91 85 91
101 111 119 125 132 137 141 146 147 144
142 139 132 124 121 116 109 105 106 112
119 125 120 121 110 111 114 238 252 253
254 250 251 256 256 244 256 256 256 256
256 256 256 256 256 256 256 256 256 256
256 256 256 256 256 256 256 256 256 254
256 256 246 219 145 144 154 149 171 234
201 99 78 87 102 110 120 130 139 151
166 177 177 182 185 184 180 173 162 151
143 134 125 118 112 108 110 115 129 122
120 98 98 127 240 254 248 254 254 251
252 256 254 254 256 256 256 256 256 256
256 256 256 256 256 256 256 256 256 256
256 256 256 256 256 249 256 241 230 150
148 152 152 174 222 185 94 80 104 103
122 130 143 158 176 195 210 217 225 229
231 230 227 221 211 203 182 166 149 138
129 119 115 116 125 119 125 116 112 92
144 247 254 251 254 242 250 256 249 254
256 256 256 256 256 256 256 256 256 256
256 256 256 256 256 256 256 256 256 256
256 251 249 254 150 146 146 152 170 213
178 93 84 103 103 129 133 153 182 209
228 240 243 243 246 247 247 246 245 243
240 236 227 210 188 167 147 132 125 125
104 130 118 124 109 106 93 165 254 242
252 254 254 251 254 256 256 256 256 256
256 256 256 256 256 256 256 256 256 256
256 256 256 256 256 256 256 252 250 176
146 146 152 166 201 186 101 79 107 105
122 147 173 198 227 245 249 248 246 243
236 234 232 231 232 233 234 234 238 236
228 209 182 156 138 129 119 124 117 116
123 100 115 90 193 254 254 252 254 245
254 253 256 256 256 256 256 256 256 256
256 256 256 256 256 256 256 256 256 256
256 256 256 256 202 132 152 158 158 198
196 97 83 104 113 138 156 185 223 237
246 244 235 230 227 225 223 220 218 217
217 217 218 219 219 228 233 229 216 195
167 144 146 114 127 124 119 124 100 94
112 235 254 242 254 254 254 252 256 256
256 256 256 256 256 256 256 256 256 256
256 256 256 256 256 256 256 256 252 230
150 144 150 150 184 205 104 94 96 122
130 145 197 232 241 243 239 231 224 220
214 207 207 204 202 201 200 198 197 197
203 206 210 215 225 223 199 171 133 145
125 124 128 114 104 107 91 145 252 254
245 254 250 254 256 256 256 256 256 256
256 256 256 256 256 256 256 252 249 254
253 247 254 251 254 159 141 146 145 174
208 128 87 109 118 123 157 205 235 244
236 225 217 215 211 203 190 179 156 144
136 138 142 148 164 182 186 188 188 190
201 212 211 203 170 143 136 136 124 122
121 106 98 94 193 254 254 247 254 254
256 256 256 256 256 256 256 256 256 256
256 256 253 254 256 252 254 254 248 254
205 146 146 152 146 197 152 102 101 110
125 155 200 233 237 227 220 211 207 204
171 141 127 98 87 89 86 81 83 94
102 103 130 161 187 190 187 195 205 208
199 170 145 137 134 128 120 112 101 93
121 240 250 254 253 254 256 256 256 256
256 256 256 256 256 256 256 256 250 256
256 251 254 254 249 245 154 143 144 150
171 184 101 92 115 117 149 201 235 240
227 213 206 203 170 138 102 75 75 70
70 58 55 64 66 61 68 83 86 94
120 157 177 179 185 196 206 195 166 143
140 136 124 118 109 93 82 171 254 252
254 251 256 256 256 256 256 256 256 256
256 256 256 256 252 256 249 254 249 249
254 192 137 152 138 152 196 128 92 108
122 140 188 231 234 218 209 205 191 153
108 80 79 72 52 48 40 37 36 37
39 43 51 57 60 70 80 98 134 171
183 175 183 198 188 158 142 140 132 121
115 105 91 99 242 247 254 254 256 256
256 256 256 256 256 256 256 256 256 256
256 256 249 254 250 254 244 148 142 151
145 171 170 89 103 120 133 179 224 232
217 207 196 177 134 79 79 62 36 39
27 27 22 32 58 86 88 66 45 39
47 58 68 75 89 117 149 169 170 185
194 178 152 142 137 126 116 117 100 83
161 254 247 254 256 256 256 256 256 256
256 256 256 256 256 256 256 252 256 248
254 254 196 137 147 141 163 182 112 96
111 123 161 213 236 215 204 205 174 127
80 71 56 29 33 26 38 135 210 242
254 249 250 254 247 218 156 85 44 61
75 74 108 163 171 169 181 187 169 148
140 134 121 110 104 89 93 244 254 254
256 256 256 256 256 256 256 256 256 256
256 256 256 253 256 245 254 240 152 142
147 144 172 154 90 111 119 143 198 225
221 199 192 171 121 81 61 43 29 24
62 168 254 254 248 254 254 254 253 254
254 249 253 253 198 101 49 66 93 97
147 155 166 176 176 161 146 141 130 106
110 92 80 169 254 252 256 256 256 256
256 256 256 256 256 256 256 256 254 256
254 253 254 206 136 143 146 157 168 112
106 110 130 173 224 220 202 193 180 123
68 60 45 32 23 134 242 252 254 251
254 253 253 254 254 252 253 254 254 253
254 245 173 85 60 86 110 147 160 160
174 173 154 144 134 122 107 100 85 107
246 254 256 256 256 256 256 256 256 256
256 256 256 256 256 256 256 250 254 151
143 140 142 170 143 103 109 121 148 207
214 211 184 192 124 83 49 42 29 46
195 254 244 254 250 254 254 254 254 254
254 254 254 254 251 254 254 249 254 212
95 73 83 118 148 158 149 173 168 148
145 119 125 104 89 76 201 252 256 254
248 256 256 251 256 254 256 256 256 256
256 256 254 254 227 143 141 143 151 167
126 101 113 133 178 216 219 198 173 145
77 66 38 25 51 224 254 254 254 248
254 250 256 256 256 256 256 256 256 256
256 253 256 253 240 256 252 112 72 88
131 139 152 161 162 157 143 135 119 103
96 80 138 254 253 256 256 256 256 254
254 256 256 256 256 256 253 256 254 254
182 136 139 147 160 156 108 103 123 154
208 214 191 187 161 95 62 42 34 64
235 254 241 253 254 244 254 254 256 256
256 256 256 256 256 256 248 256 247 256
256 238 256 248 129 68 94 136 139 148
163 158 147 146 117 111 100 87 80 234
250 256 256 252 256 256 250 256 256 256
256 256 253 256 253 252 145 135 140 150
163 136 103 110 137 179 214 197 184 177
110 61 58 32 42 219 254 253 254 249
247 254 246 252 256 256 256 256 256 256
256 256 256 256 253 249 256 256 249 256
233 103 93 102 138 144 145 160 155 145
125 124 100 91 69 182 256 252 256 251
254 256 251 256 256 256 256 256 256 256
251 231 128 140 142 151 162 117 108 120
152 201 205 184 175 138 82 49 39 23
219 252 249 254 254 247 254 254 248 254
256 256 256 256 256 256 256 256 256 241
256 254 249 256 250 254 254 244 80 100
113 140 134 155 158 147 138 126 105 92
81 116 256 251 256 256 254 256 256 256
256 256 256 256 256 256 248 193 128 144
144 153 154 109 116 132 169 210 192 178
156 94 57 52 23 163 239 254 254 251
254 254 251 251 254 254 256 256 256 256
256 256 256 256 250 256 256 250 256 256
251 256 254 250 210 77 100 132 130 145
152 155 146 119 116 93 86 74 237 256
256 256 256 253 256 252 256 256 256 256
254 256 245 152 135 143 145 156 138 112
120 148 187 204 178 166 128 71 53 28
91 249 254 249 254 252 254 248 254 254
244 254 256 256 256 256 256 256 256 256
256 256 254 256 250 245 256 253 252 241
254 154 93 110 137 131 146 154 150 124
121 98 85 69 184 256 256 256 256 250
256 252 256 256 256 256 252 256 243 125
140 141 144 158 124 118 121 161 201 194
166 152 95 52 46 36 224 254 251 253
249 254 250 254 254 252 254 251 256 256
256 256 256 256 256 256 256 252 252 256
256 256 256 256 254 254 252 238 114 90
126 130 144 144 151 136 119 105 88 81
134 253 256 248 256 248 256 254 256 256
256 256 254 252 200 131 133 144 149 152
117 126 133 183 197 175 165 121 73 45
22 154 256 253 256 251 256 256 256 256
256 256 256 256 256 256 256 256 256 256
256 256 256 256 256 256 256 256 256 256
256 256 254 256 204 84 117 126 135 146
152 142 125 108 92 81 87 256 256 256
253 256 253 256 253 256 256 251 254 252
179 131 134 146 151 146 115 126 147 190
194 170 147 98 52 54 62 234 256 254
256 256 256 256 256 256 256 256 256 256
256 256 256 256 256 256 256 256 256 256
256 256 256 256 256 256 256 249 256 252
242 139 100 122 129 142 151 146 131 113
94 81 63 221 249 253 256 251 254 256
254 256 256 256 254 250 150 132 136 148
152 139 118 129 166 193 183 160 122 73
45 22 166 254 254 246 254 253 256 256
256 256 256 256 256 256 256 256 256 256
256 256 256 256 256 256 256 256 256 256
256 256 254 254 249 254 253 216 88 117
124 135 146 145 135 118 98 82 69 186
253 254 254 251 254 254 256 252 256 256
252 243 128 136 138 147 151 134 127 136
180 187 165 146 102 59 50 49 252 244
252 252 250 254 254 254 254 254 254 254
254 254 254 254 254 254 254 254 254 254
254 254 254 254 254 254 254 254 251 252
247 252 247 252 125 105 119 129 139 142
135 120 100 84 76 133 252 250 249 248
252 245 254 249 250 253 253 226 121 140
138 146 150 133 133 145 186 179 151 132
86 52 22 149 245 251 251 251 252 252
252 252 252 252 252 252 252 252 251 251
251 251 251 251 251 251 251 251 251 251
251 251 251 251 250 249 251 246 250 247
199 92 113 123 135 142 138 123 101 85
70 85 249 249 248 251 251 250 252 252
250 254 253 199 124 140 138 147 148 136
135 154 184 170 142 116 70 45 42 238
250 251 244 247 249 248 249 249 249 249
249 249 249 249 249 249 249 249 249 249
249 249 249 249 249 249 249 249 249 249
248 246 248 248 246 248 245 118 107 116
130 140 138 123 102 88 69 73 241 248
241 249 245 249 243 251 244 252 254 168
130 136 138 150 148 139 138 164 176 156
131 97 56 41 111 251 249 202 190 189
182 188 185 184 184 185 185 185 185 185
185 185 185 185 185 185 185 185 185 185
185 185 185 185 185 185 185 184 179 191
178 191 183 127 112 117 125 132 131 123
111 104 90 85 179 186 185 187 184 192
190 199 175 223 254 148 134 133 139 154
148 141 144 171 168 144 121 82 48 41
183 249 240 159 132 125 120 120 120 120
120 120 120 120 122 122 120 120 120 120
120 120 120 120 120 120 120 120 120 120
120 120 124 116 129 114 127 118 113 130
119 118 118 120 120 119 119 120 128 111
120 114 123 116 118 124 119 118 80 156
254 133 126 135 141 149 146 143 151 171
159 133 106 71 51 56 248 245 249 138
145 164 146 139 143 141 143 144 142 144
147 145 144 144 144 144 144 144 144 144
144 144 144 144 144 144 144 144 142 142
142 142 142 142 142 142 142 142 142 142
142 142 142 142 145 139 148 134 144 146
152 149 151 89 41 142 246 130 127 135
141 149 148 146 155 166 149 128 101 63
46 111 251 251 249 132 127 178 211 198
195 193 195 196 194 195 198 196 195 195
195 195 195 195 195 195 195 195 195 195
195 195 195 195 194 194 194 194 194 194
194 194 194 194 194 194 194 194 194 194
189 190 200 192 201 188 188 198 126 69
28 130 233 126 128 136 141 150 149 148
158 160 138 120 93 53 42 185 249 249
249 139 122 157 155 61 64 66 68 67
66 67 67 66 66 66 66 66 66 66
66 66 66 66 66 66 66 66 66 66
66 66 66 66 66 66 66 66 66 66
66 66 66 66 66 66 62 64 66 61
74 60 77 107 106 56 23 129 220 124
130 137 140 149 148 150 159 156 130 112
84 48 51 238 252 252 243 138 131 167
157 22 73 80 82 81 82 82 82 82
82 82 82 82 82 82 82 82 82 82
82 82 82 82 82 82 81 81 81 81
81 81 81 81 81 81 81 81 81 81
81 81 84 79 78 76 86 83 119 147
99 55 27 136 210 122 133 137 140 149
147 149 156 153 128 105 77 48 80 254
249 252 246 140 125 152 149 23 118 127
131 131 133 134 133 135 133 133 133 133
133 133 133 133 133 133 133 133 133 133
133 133 133 133 133 133 133 133 133 133
133 133 133 133 133 133 133 133 133 129
136 135 131 134 173 173 96 54 27 135
201 121 134 136 139 150 148 150 155 146
124 99 69 49 130 254 254 254 249 139
123 150 145 26 114 129 133 131 136 137
135 137 136 136 136 136 136 136 136 136
136 136 136 136 136 136 136 136 134 134
134 134 134 134 134 134 134 134 134 134
134 134 134 134 132 128 137 136 130 138
179 159 98 56 28 134 194 119 133 134
140 151 149 151 156 136 118 95 61 47
186 252 256 253 249 140 129 166 150 19
113 131 135 132 137 137 134 137 136 136
136 136 136 136 136 136 136 136 136 136
136 136 136 136 134 134 134 134 134 134
134 134 134 134 134 134 134 134 134 134
133 132 133 132 132 141 184 168 99 57
30 135 190 118 133 133 140 153 151 153
157 128 112 93 57 44 222 253 256 250
252 138 116 162 150 19 112 131 136 131
136 135 132 135 134 134 134 134 134 134
134 134 134 134 134 134 134 134 134 134
132 132 132 132 132 132 132 132 132 132
132 132 132 132 132 132 131 136 132 132
137 136 173 164 95 54 27 133 185 124
134 136 146 151 150 150 148 120 111 89
51 61 247 256 253 254 251 141 126 163
152 25 111 143 133 136 132 136 137 136
130 130 131 133 133 134 134 136 134 137
132 136 129 135 137 130 130 128 134 134
135 133 129 140 132 137 138 135 134 136
135 131 131 130 133 132 137 134 179 161
95 53 26 135 184 123 132 134 143 149
151 152 147 118 106 85 54 79 253 256
253 252 251 139 126 163 152 25 118 132
135 143 132 136 131 133 128 128 130 130
131 133 133 133 139 132 134 136 142 129
128 138 134 134 131 128 136 143 134 130
140 136 134 136 136 135 137 143 132 130
134 128 137 136 175 169 105 59 27 133
184 120 130 132 140 147 151 154 144 116
101 79 56 107 256 254 251 252 250 139
126 161 152 25 113 136 136 133 140 169
161 159 151 151 151 153 153 154 154 154
155 147 143 124 140 139 133 130 133 129
142 161 159 151 152 157 152 150 152 155
156 153 153 155 141 151 161 145 151 158
178 175 92 51 24 133 183 117 129 132
138 145 150 153 138 115 98 75 56 135
256 253 251 251 250 138 125 161 152 25
117 136 125 156 188 185 141 120 115 115
116 116 116 118 118 118 119 100 100 108
121 134 135 135 128 157 186 183 145 123
125 121 123 126 126 122 121 122 120 114
126 110 114 118 124 117 128 162 95 59
32 134 185 115 127 133 138 145 150 150
132 114 97 73 53 157 256 253 250 251
248 138 125 160 150 24 120 133 144 210
195 125 88 87 86 86 86 86 88 88
88 86 84 98 102 97 68 113 144 132
143 206 190 122 84 82 87 76 88 85
83 83 85 86 89 90 82 87 90 81
78 90 88 95 88 60 32 127 191 116
126 133 137 145 150 148 128 114 97 73
52 177 256 254 250 249 247 137 123 160
150 24 114 137 175 209 135 63 49 43
48 49 49 49 49 49 48 48 49 70
104 134 76 65 126 138 166 204 140 65
53 48 49 58 55 48 48 55 55 47
44 48 48 49 44 57 48 50 43 45
57 49 33 124 199 119 125 131 136 145
152 149 127 113 95 73 53 193 256 256
248 249 247 137 123 158 149 24 115 137
178 171 98 54 14 6 19 19 19 19
19 18 18 16 24 41 98 145 117 43
122 127 184 175 100 43 18 2 14 18
15 21 20 13 15 20 18 9 22 18
2 26 14 21 24 14 13 24 21 113
206 121 124 129 134 144 153 150 128 112
93 74 55 203 256 256 248 249 247 137
122 158 149 24 121 137 185 162 95 46
13 101 170 170 170 170 169 169 167 167
167 112 125 152 150 17 116 138 186 160
103 47 15 85 178 162 167 178 151 97
82 103 103 75 54 47 63 160 171 162
168 170 166 174 154 221 218 111 127 125
138 136 155 146 127 107 95 68 54 218
249 256 250 249 247 137 122 158 149 23
115 137 182 162 93 55 26 154 256 256
256 256 256 256 254 252 248 131 123 157
157 20 108 137 182 161 97 49 24 142
254 251 256 249 249 117 129 153 146 102
72 60 101 245 254 252 254 254 254 254
254 254 230 112 126 125 136 137 152 148
125 108 95 70 55 220 252 256 250 251
247 137 122 158 149 23 115 137 182 162
93 55 26 155 256 256 256 256 256 256
256 254 249 132 124 158 157 20 108 137
186 161 91 58 27 152 248 251 256 251
251 120 130 153 144 98 74 58 113 250
256 253 256 254 256 254 254 254 245 115
123 126 134 138 148 150 124 109 96 72
57 221 256 254 251 251 248 137 123 158
149 23 115 137 182 162 93 55 26 155
256 256 256 256 256 256 256 254 250 134
125 158 158 20 108 136 179 161 92 60
17 151 248 256 254 254 252 121 132 152
142 91 77 53 134 254 256 253 256 254
256 256 256 254 254 122 119 125 132 139
143 151 122 110 97 75 58 220 256 253
253 252 250 138 123 158 149 23 115 136
182 161 93 55 26 155 256 256 256 256
256 256 254 252 251 135 125 159 158 20
108 135 173 165 94 56 23 144 254 253
253 256 251 122 135 151 140 86 74 46
159 256 256 253 256 254 256 256 256 256
256 137 114 124 132 138 140 150 123 112
97 80 58 214 256 253 254 254 251 139
123 158 149 23 115 136 181 161 93 55
26 155 256 256 256 256 256 254 254 252
251 134 126 159 158 19 108 135 175 161
95 60 46 124 254 244 256 256 246 122
138 149 138 81 66 44 188 256 256 254
256 256 256 256 256 256 254 161 112 121
131 134 140 149 124 112 97 85 57 206
256 254 256 256 251 139 125 160 149 23
113 136 181 161 93 55 26 155 254 254
254 254 254 254 252 251 249 134 125 159
156 19 108 135 156 151 108 75 57 81
230 256 256 256 238 120 140 145 132 76
60 48 219 254 254 256 256 256 256 256
256 256 254 188 113 117 129 129 142 149
126 113 97 88 56 198 254 256 256 256
253 141 125 160 149 23 113 136 181 161
93 54 26 154 254 254 254 252 252 252
252 251 249 134 125 158 156 19 108 135
136 149 126 96 73 61 156 243 253 253
230 121 144 142 126 69 56 56 246 252
254 256 252 256 256 256 256 256 256 206
114 115 127 125 143 150 128 113 97 91
55 193 251 256 256 256 253 141 125 160
149 23 113 136 181 159 91 54 26 154
252 252 252 252 252 252 251 251 249 133
122 158 156 19 107 135 140 156 132 110
103 82 78 150 250 248 225 121 147 141
122 64 56 63 254 252 254 254 250 256
256 256 256 256 256 234 114 111 124 131
141 142 135 106 108 89 58 169 251 254
251 252 248 138 123 158 149 23 114 131
190 158 95 49 22 158 253 256 243 251
256 247 254 248 251 135 127 163 154 20
110 133 137 143 120 127 124 89 84 81
102 201 192 125 139 146 100 71 48 124
256 254 251 256 254 256 256 256 256 256
256 249 121 114 118 125 136 147 134 112
107 87 65 151 252 254 251 252 248 138
123 158 149 23 114 133 187 156 92 50
29 160 252 254 254 256 256 254 252 252
243 144 126 152 159 18 104 139 133 143
145 101 115 143 105 102 105 91 92 120
147 141 100 59 50 168 249 248 256 253
247 250 256 256 256 256 256 256 146 115
116 121 128 146 135 118 105 88 73 122
254 252 251 252 248 138 123 158 149 23
115 135 181 154 92 55 38 148 252 252
254 249 250 254 246 252 251 135 125 173
156 20 112 132 141 130 141 124 97 117
140 134 111 114 98 87 104 119 92 46
31 219 254 251 256 256 256 256 256 256
256 256 252 256 188 110 117 122 121 138
140 119 106 92 77 93 254 252 251 252
248 138 123 160 149 23 115 135 169 154
102 66 42 113 252 252 252 247 250 252
252 251 233 126 133 204 131 23 114 138
136 154 143 147 126 86 105 131 154 129
115 111 102 99 88 63 56 241 254 252
251 253 254 245 256 256 256 256 254 256
231 104 115 124 120 132 145 118 108 97
78 74 252 254 251 252 250 138 123 160
149 24 116 134 157 155 117 84 51 76
230 250 245 251 251 247 251 248 174 136
166 211 76 32 134 175 185 153 128 116
125 125 100 81 91 143 148 123 116 102
88 101 113 223 245 252 248 251 254 254
254 256 256 256 256 250 256 120 108 119
121 131 146 119 112 100 82 67 226 254
251 252 250 138 125 160 150 24 115 133
145 155 128 102 72 65 136 230 249 245
242 249 249 188 138 151 209 187 20 72
192 192 157 110 105 112 82 90 121 111
99 78 103 146 147 126 110 96 96 108
152 228 251 251 247 252 254 254 254 256
256 253 256 164 106 111 120 128 140 125
115 98 89 69 188 254 251 252 250 138
125 160 150 24 113 133 138 152 130 117
102 83 77 125 171 208 207 175 156 139
158 182 207 107 26 143 212 146 70 65
62 99 119 79 77 135 125 114 89 76
103 144 147 123 109 97 99 102 163 234
251 244 252 252 254 254 254 256 256 205
108 105 117 124 135 131 118 95 96 72
160 254 251 252 250 139 125 161 150 24
113 134 134 149 129 124 126 107 108 103
111 117 123 129 134 157 185 223 164 7
78 205 172 86 53 19 54 74 132 123
40 111 138 136 129 112 85 78 110 150
151 122 116 93 102 103 168 240 251 252
252 254 256 249 256 250 103 113 110 124
128 142 117 108 88 86 99 254 252 249
250 149 107 159 161 21 97 143 135 131
139 112 113 147 139 131 130 138 141 148
174 203 221 137 5 62 131 200 156 71
45 0 61 109 114 171 38 88 138 135
135 131 122 110 90 69 114 158 145 116
108 99 100 109 186 232 252 252 256 256
256 250 165 93 110 118 124 134 124 109
93 91 84 242 251 252 249 152 112 145
165 32 92 131 137 139 140 118 102 93
131 173 189 178 188 215 203 163 63 17
63 129 143 201 138 69 39 4 143 100
121 156 86 58 124 126 130 135 138 132
118 107 90 81 116 162 147 114 107 104
89 132 177 240 256 256 256 252 228 86
112 113 120 127 131 112 98 96 72 203
251 252 250 170 113 129 164 58 78 126
137 132 139 134 117 98 74 68 73 87
85 62 37 25 44 87 132 129 166 204
131 65 33 21 217 95 118 134 138 37
105 133 140 131 132 133 133 138 122 102
85 86 124 159 142 113 107 96 80 172
256 249 256 256 252 120 106 109 117 125
133 119 102 98 75 147 254 252 251 202
108 118 154 98 52 123 141 123 135 140
132 137 123 97 80 81 78 72 84 106
126 140 140 134 194 184 112 53 27 53
247 124 106 115 156 67 81 127 141 123
128 136 131 129 141 135 131 97 74 92
128 164 122 77 27 153 256 253 256 256
252 185 92 104 113 126 130 126 105 98
91 96 250 251 252 233 105 111 137 139
37 103 142 134 131 132 128 136 134 138
134 126 123 129 134 134 137 129 138 137
210 170 76 45 6 112 251 184 96 104
141 120 51 107 137 136 138 135 129 136
125 139 130 124 134 97 74 121 95 57
12 160 251 256 256 252 252 241 104 99
107 122 124 129 113 100 102 73 213 250
251 248 130 105 121 157 62 73 122 144
128 131 133 124 135 129 128 134 135 130
129 134 127 144 137 158 214 145 71 27
0 178 251 233 113 92 107 137 78 97
113 127 139 134 132 144 123 129 139 140
125 141 171 158 90 58 22 156 252 256
256 252 253 252 165 97 99 112 121 127
124 105 99 80 145 249 250 251 186 101
108 136 110 62 95 136 128 131 139 131
134 136 135 133 133 133 131 125 137 122
138 214 190 88 66 3 44 231 251 251
177 94 84 103 112 97 84 95 120 136
135 130 134 134 119 131 129 142 176 153
87 54 28 150 256 248 256 256 250 252
231 99 94 102 119 124 133 110 92 95
87 247 252 251 235 99 101 107 144 69
79 124 132 128 127 131 131 131 132 132
128 126 130 137 128 141 185 199 144 65
18 2 115 252 249 250 248 109 81 66
73 97 108 92 81 101 128 137 128 133
123 143 128 135 188 160 95 52 28 144
254 253 253 254 250 254 245 167 88 105
103 123 132 117 100 98 84 182 252 252
251 170 89 102 113 131 71 91 125 129
144 132 130 133 134 132 132 134 133 130
139 177 217 155 93 42 4 18 236 252
256 252 254 222 108 58 63 72 83 105
114 87 76 122 126 137 132 130 140 121
189 159 91 54 23 154 253 254 252 252
250 254 254 234 103 99 102 117 124 127
109 94 91 110 252 252 240 249 114 77
103 111 117 66 97 122 127 133 138 135
132 132 132 134 141 150 186 197 161 85
52 19 3 138 256 256 248 248 254 254
155 113 62 65 62 86 76 115 105 81
90 109 136 122 142 138 173 155 91 54
23 154 248 254 254 254 254 251 254 254
177 81 106 96 117 134 116 106 94 91
184 252 251 243 216 94 81 90 109 123
77 101 127 138 144 141 143 150 156 161
172 184 176 127 85 63 17 1 70 248
251 256 256 256 254 222 148 138 99 51
46 56 59 86 87 118 101 76 110 129
136 138 184 167 91 54 23 152 252 256
254 254 254 251 244 250 248 117 84 99
110 128 122 117 102 97 110 251 245 246
245 188 77 60 94 85 100 112 92 109
111 118 130 141 145 140 132 128 96 72
48 11 6 45 233 254 256 248 254 247
254 169 153 144 48 19 136 107 64 55
77 84 100 111 86 82 113 134 182 151
92 54 23 152 256 256 256 251 253 254
254 254 254 207 83 102 97 114 124 117
105 95 94 186 252 251 242 249 189 88
57 64 77 81 89 99 108 113 113 108
104 99 84 69 53 31 4 4 49 229
256 256 256 248 256 256 229 143 149 83
29 85 239 240 178 77 59 67 67 90
108 110 82 96 174 165 92 54 23 152
256 252 256 252 248 254 254 254 252 251
171 71 85 102 113 125 111 109 97 96
245 246 251 248 247 217 93 66 52 52
63 65 62 66 65 59 56 52 40 26
17 0 10 128 254 256 256 256 250 254
256 245 165 144 129 37 41 218 252 251
252 223 140 64 61 60 80 104 110 99
115 170 94 54 23 152 256 250 256 256
252 256 247 249 254 249 252 111 84 90
100 122 125 114 102 83 149 242 252 251
252 247 252 177 107 46 37 39 37 34
32 31 24 13 6 5 15 116 210 251
256 247 256 256 254 254 244 208 152 142
66 25 159 251 251 254 249 254 249 216
100 67 59 71 82 107 122 152 94 54
23 152 256 251 256 254 256 256 250 254
254 254 251 222 94 82 101 98 128 111
113 111 89 198 252 252 252 254 249 254
247 226 178 124 90 65 48 52 65 90
139 184 248 252 256 254 251 256 249 256
248 254 233 152 139 95 18 105 256 256
256 246 254 256 251 256 247 177 71 59
74 72 90 123 95 55 23 152 256 256
256 256 256 256 256 256 250 253 254 254
183 91 79 96 98 143 103 114 101 105
225 254 254 249 256 256 254 256 256 249
254 254 254 254 254 256 256 256 256 256
256 256 253 256 256 256 253 244 166 142
118 26 65 247 256 256 256 256 256 256
256 256 248 252 231 139 64 53 75 82
87 59 24 151 256 256 256 256 256 256
256 256 256 254 252 253 252 171 76 83
98 87 131 117 104 109 125 240 248 256
254 254 256 244 251 256 254 253 256 256
256 256 256 256 256 256 250 253 256 256
256 250 254 168 150 138 31 50 234 256
256 256 256 256 256 256 256 256 254 245
252 252 201 111 60 57 80 59 33 146
256 256 256 256 256 256 256 256 253 252
254 252 254 246 152 79 87 78 115 119
114 119 110 144 256 247 256 254 256 256
248 256 253 254 256 256 256 256 256 256
256 256 256 256 256 256 247 256 178 153
141 35 34 216 250 254 256 256 256 256
256 256 256 256 253 256 254 254 252 246
168 83 58 59 33 156 256 256 256 256
256 256 256 256 252 254 256 254 245 254
244 148 61 89 79 101 127 118 114 97
142 239 256 251 256 256 256 254 254 256
256 256 256 256 256 256 254 256 253 256
248 253 252 182 149 142 41 36 206 253
252 256 256 256 256 256 256 256 256 256
256 256 253 247 246 251 249 236 146 61
51 149 256 256 256 256 256 256 256 256
256 256 248 254 254 249 254 246 151 68
72 82 101 133 114 124 109 141 228 256
244 253 252 256 254 256 256 256 256 256
256 256 256 256 256 248 256 245 167 147
139 41 41 205 254 254 256 248 256 256
256 256 256 256 256 256 252 253 256 254
254 252 252 251 243 210 115 153 256 256
256 256 256 256 256 256 256 249 256 252
254 254 246 254 252 167 68 75 79 76
126 132 126 120 129 205 256 256 256 253
254 254 256 253 254 256 256 256 256 247
252 256 213 160 154 119 31 52 233 254
242 254 252 256 256 256 256 256 256 256
256 256 256 254 256 254 254 251 249 250
252 245 250 252 256 256 256 256 256 256
256 256 252 246 256 250 245 254 254 245
245 254 203 81 58 79 73 100 126 116
120 118 153 222 254 254 250 254 256 254
256 256 256 254 251 256 240 175 142 152
94 8 106 249 254 253 254 254 250 246
254 256 256 256 256 256 256 256 252 252
254 252 251 254 252 252 252 254 248 252
256 256 256 256 256 256 256 256 256 256
249 256 256 247 254 254 254 245 254 239
133 56 68 67 81 114 127 127 126 124
156 203 246 252 254 256 256 256 254 250
216 183 147 160 129 24 37 172 252 254
250 251 254 249 254 254 254 254 254 254
254 254 254 254 256 254 256 254 254 254
254 249 251 254 254 254 256 256 256 256
256 256 256 256 256 256 256 256 256 256
256 256 254 256 253 256 256 196 104 54
60 59 79 112 132 134 130 127 135 151
167 174 178 174 158 140 153 148 119 51
26 124 235 256 256 256 256 256 256 256
256 256 256 256 256 256 256 256 256 256
256 256 256 256 256 256 256 256 256 256
256 256 256 256 256 256 256 256 256 256
256 256 256 256 256 256 256 256 254 250
256 256 256 256 233 192 91 67 48 50
63 86 111 128 135 142 147 148 146 143
135 127 82 30 38 131 221 256 256 248
256 256 256 256 256 256 256 256 256 256
256 256 256 256 256 256 256 256 256 256
256 256 256 256 256 256 256 256 256 256
256 256 256 256 256 256 256 256 256 256
256 256 256 256 256 251 256 256 246 256
256 248 256 206 138 81 44 33 38 44
47 49 53 54 46 34 27 25 88 167
233 253 254 253 252 256 256 256 256 256
256 256 256 256 256 256 256 256 256 256
256 256 256 256 256 256 256 256 256 256
256 256 256 256 256 256 256 256 256 256
256 256 256 256 256 256 256 256 256 256
256 256 256 256 256 251 249 256 256 256
256 252 229 192 151 120 103 93 91 103
124 157 203 242 254 256 252 250 256 256
253 256 256 256 256 256 256 256 256 256
256 256 256 256 256 256 256 256 256 256
256 256 256 256 256 256 256 256 256 256
256 256 256 256 256 256 256 256 256 256
256 256 256 256 256 256 253 254 254 256
256 253 256 256 256 254 256 256 254 233
211 200 188 186 187 191 201 217 240 256
253 256 256 256 256 254 251 256 254 256
256 251 253 251 251 256 256 254 254 254
254 254 254 254 256 256 256 256 256 256
256 256 256 256 256 256 256 256 256 256
256 256 256 256 256 256 256 256 256 256
256 256 256 249 256 254 256 256 250 254
256 250 217 169 146 152 155 147 145 143
140 137 135 136 141 147 179 225 256 253
240 256 256 248 251 252 254 256 256 256
256 249 256 256 254 254 254 254 254 254
256 256 256 256 256 256 256 256 256 256
256 256 256 256 256 256 256 256 256 256
256 256 256 256 256 256 256 256 253 256
254 256 256 253 256 233 181 157 142 151
158 152 147 153 148 147 147 147 144 139
135 134 132 121 134 201 256 256 246 256
256 253 256 256 252 251 256 256 256 256
254 254 254 254 254 254 256 256 256 256
256 256 256 256 256 256 256 256 256 256
256 256 256 256 256 256 256 256 256 256
256 256 256 256 256 246 256 252 256 245
182 149 155 152 152 157 158 153 152 156
155 153 152 153 151 147 143 140 137 136
133 121 133 194 248 256 256 256 256 256
256 251 248 254 256 256 256 254 254 254
254 254 256 256 256 256 256 256 256 256
256 256 256 256 256 256 256 256 256 256
256 256 256 256 256 256 256 256 256 256
242 256 256 254 207 147 147 150 146 154
159 160 165 177 189 195 190 182 171 163
157 152 147 146 138 143 133 128 126 118
152 221 247 256 256 246 256 256 253 252
256 256 256 256 254 254 254 254 256 256
256 256 256 256 256 256 256 256 256 256
256 256 256 256 256 256 256 256 256 256
256 256 256 256 256 256 256 256 240 168
136 160 159 158 162 172 194 220 234 221
186 156 138 132 127 127 132 138 145 150
148 136 138 139 129 127 126 115 184 240
256 254 252 256 256 256 256 256 256 256
256 254 254 254 256 256 256 256 256 256
256 256 256 256 256 256 256 256 256 256
256 256 256 256 256 256 256 256 256 256
256 256 256 210 151 153 160 149 160 169
208 234 227 173 118 95 89 82 89 87
85 87 89 92 96 99 116 135 140 140
142 128 118 126 115 163 230 256 256 254
256 252 256 256 256 256 256 256 256 254
256 256 256 256 256 256 256 256 256 256
256 256 256 256 256 256 256 256 256 256
256 256 256 256 256 256 256 256 199 163
148 155 159 162 192 238 223 160 102 85
89 88 91 101 99 100 102 104 103 100
98 98 97 102 113 127 137 137 132 127
121 99 149 229 254 254 256 256 256 256
256 256 256 256 256 256 256 256 256 256
256 256 256 256 256 256 256 256 256 256
256 256 256 256 256 256 256 256 249 252
256 254 256 197 147 148 156 163 171 217
235 176 98 91 87 91 101 109 113 114
120 124 123 120 119 121 119 113 109 105
102 107 119 130 135 133 124 124 105 128
236 256 256 256 256 256 251 250 256 256
252 256 256 256 256 256 256 256 256 256
256 256 256 256 256 256 256 256 256 256
256 256 252 247 256 256 253 252 200 152
147 165 165 162 225 228 132 94 88 94
104 114 122 128 135 140 146 151 152 149
147 144 137 129 126 121 114 110 111 117
124 130 125 126 115 116 116 240 254 256
256 252 251 256 256 244 256 256 256 256
256 256 256 256 256 256 256 256 256 256
256 256 256 256 256 256 256 256 256 254
256 256 246 219 145 144 160 155 177 240
206 104 81 90 105 113 123 133 141 153
168 179 182 187 190 189 185 178 167 156
148 139 130 123 117 113 115 120 134 127
125 103 103 129 242 256 250 256 256 251
252 256 254 254 256 256 256 256 256 256
256 256 256 256 256 256 256 256 256 256
256 256 256 256 256 249 256 241 230 150
148 152 158 180 228 190 99 85 109 106
125 132 145 160 178 196 211 218 227 231
233 232 229 223 213 205 184 168 152 141
132 122 118 119 130 124 130 121 117 97
146 249 256 253 256 244 250 256 249 254
256 256 256 256 256 256 256 256 256 256
256 256 256 256 256 256 256 256 256 256
256 251 249 254 150 146 146 152 175 218
183 98 89 108 108 131 135 155 184 210
228 240 243 243 248 249 249 248 247 245
242 238 229 212 190 169 150 135 128 128
109 135 123 129 114 111 98 167 256 244
254 256 256 253 254 256 256 256 256 256
256 256 256 256 256 256 256 256 256 256
256 256 256 256 256 256 256 252 250 176
146 146 152 166 208 191 106 84 112 110
127 149 175 200 229 245 249 248 246 243
238 236 234 233 234 235 236 236 240 238
230 211 184 158 140 132 125 129 122 121
128 105 120 92 195 256 256 254 256 246
256 254 256 256 256 256 256 256 256 256
256 256 256 256 256 256 256 256 256 256
256 256 256 256 202 132 152 158 158 198
203 104 90 109 118 143 161 187 225 239
248 244 235 230 227 225 223 220 218 217
217 217 218 219 219 228 234 230 217 196
168 145 152 120 133 129 124 129 105 99
114 237 256 244 256 256 256 253 256 256
256 256 256 256 256 256 256 256 256 256
256 256 256 256 256 256 256 256 252 230
150 144 150 150 184 205 111 101 103 127
135 150 202 234 243 245 241 231 224 220
214 207 207 204 202 201 200 198 197 197
203 206 210 216 226 224 200 172 139 151
131 129 133 119 109 112 93 147 254 256
247 256 251 256 256 256 256 256 256 256
256 256 256 256 256 256 256 252 249 256
256 249 256 253 256 161 146 151 150 179
213 133 89 111 120 125 159 207 237 246
238 227 219 218 214 206 193 182 161 149
141 143 147 153 169 187 191 193 193 195
206 217 216 208 173 146 139 139 127 125
124 109 101 97 195 256 256 249 256 256
256 256 256 256 256 256 256 256 256 256
256 256 253 254 256 254 256 256 250 256
207 148 151 157 151 202 157 107 103 112
127 157 202 235 239 229 222 213 209 206
174 144 130 101 90 92 89 84 86 97
105 106 133 164 190 193 190 198 208 211
202 173 148 140 137 131 123 115 104 96
124 242 252 256 256 256 256 256 256 256
256 256 256 256 256 256 256 256 250 256
256 253 256 256 251 247 156 145 149 155
176 189 106 97 117 119 151 203 237 242
229 215 208 205 172 140 104 77 77 72
73 61 58 67 69 64 71 86 89 97
123 160 180 182 188 199 209 198 169 146
143 139 127 121 112 96 85 173 256 254
256 253 256 256 256 256 256 256 256 256
256 256 256 256 252 256 249 256 251 251
256 194 139 154 143 157 201 133 97 113
124 142 190 233 236 220 211 207 193 155
110 82 81 74 54 50 43 40 39 40
42 46 54 60 63 73 83 101 137 174
186 178 185 201 191 161 145 143 135 124
118 108 94 101 244 249 256 256 256 256
256 256 256 256 256 256 256 256 256 256
256 256 249 256 252 256 246 150 144 153
150 176 175 94 108 125 135 181 226 234
219 209 198 179 136 81 81 64 38 41
29 29 24 34 60 88 90 68 47 41
49 60 70 77 91 119 151 171 172 187
197 181 155 145 140 129 119 120 103 85
163 256 249 256 256 256 256 256 256 256
256 256 256 256 256 256 256 252 256 250
256 256 198 139 149 143 168 187 117 101
116 128 163 215 238 217 206 207 176 129
82 73 58 31 35 28 40 137 212 244
256 251 252 256 249 220 158 87 46 63
77 76 110 165 173 171 183 190 172 151
143 137 124 113 107 91 95 246 256 256
256 256 256 256 256 256 256 256 256 256
256 256 256 253 256 247 256 242 154 144
149 146 177 159 95 116 124 148 200 227
223 201 194 173 123 83 63 45 31 26
64 170 256 256 250 256 256 256 256 256
256 251 256 256 200 103 51 68 95 99
149 157 168 179 179 164 149 144 133 109
113 94 82 171 256 254 256 256 256 256
256 256 256 256 256 256 256 256 254 256
254 256 256 208 138 145 148 159 173 117
111 115 135 178 226 222 204 195 182 125
70 62 47 34 25 136 244 254 256 253
256 256 256 256 256 254 256 256 256 256
256 247 175 87 62 88 112 149 162 162
177 176 157 147 137 125 110 103 87 109
248 256 256 256 256 256 256 256 256 256
256 256 256 256 256 256 256 252 256 153
145 142 144 172 148 108 114 126 153 212
216 213 186 194 126 85 51 44 31 48
197 256 246 256 252 256 256 256 256 256
256 256 256 256 253 256 256 251 256 214
97 75 85 120 150 160 152 176 171 151
148 122 128 107 91 78 203 254 256 254
248 256 256 251 256 254 256 256 256 256
256 256 254 256 229 145 143 145 153 169
131 106 118 138 183 221 221 200 175 147
79 68 40 27 53 226 256 256 256 250
256 252 256 256 256 256 256 256 256 256
256 253 256 253 240 256 252 112 74 90
133 141 154 164 165 160 146 138 122 106
99 82 140 256 253 256 256 256 256 254
254 256 256 256 256 256 253 256 254 256
184 138 141 149 162 158 113 108 128 159
213 219 193 189 163 97 64 44 36 66
237 256 243 256 256 245 256 256 256 256
256 256 256 256 256 256 248 256 247 256
256 238 256 248 131 70 96 138 141 151
166 161 150 149 120 114 103 89 82 236
250 256 256 252 256 256 250 256 256 256
256 256 253 256 253 254 147 137 142 152
165 138 108 115 142 184 219 202 187 179
112 63 60 34 44 221 256 256 256 251
248 256 247 253 256 256 256 256 256 256
256 256 256 256 253 249 256 256 249 256
235 105 95 104 140 147 148 163 158 148
128 127 103 94 71 184 256 252 256 251
254 256 251 256 256 256 256 256 256 256
251 233 130 142 144 153 164 119 113 125
157 206 210 189 178 141 84 51 41 25
221 254 251 256 256 248 256 256 249 256
256 256 256 256 256 256 256 256 256 241
256 254 249 256 250 254 256 246 82 102
115 143 137 158 161 150 141 129 108 95
84 118 256 251 256 256 254 256 256 256
256 256 256 256 256 256 248 195 130 146
146 155 156 111 121 137 174 215 197 183
159 97 59 54 25 165 241 256 256 253
256 256 252 252 256 256 256 256 256 256
256 256 256 256 250 256 256 250 256 256
251 256 256 252 212 79 102 135 133 148
155 158 149 122 119 96 89 77 237 256
256 256 256 253 256 252 256 256 256 256
254 256 245 154 137 145 147 158 140 114
125 153 192 209 183 171 131 74 55 30
93 251 256 251 256 254 256 249 256 256
245 256 256 256 256 256 256 256 256 256
256 256 254 256 250 245 256 253 254 243
256 156 95 113 140 134 149 157 153 127
124 101 88 72 184 256 256 256 256 250
256 252 256 256 256 256 252 256 243 127
142 143 146 160 126 120 126 166 206 199
171 157 98 55 48 38 226 256 253 256
251 256 251 256 256 253 256 252 256 256
256 256 256 256 256 256 256 252 252 256
256 256 256 256 256 256 254 240 116 92
129 133 147 147 154 139 122 108 91 84
134 253 256 248 256 248 256 254 256 256
256 256 256 254 202 133 135 146 151 154
119 128 135 185 199 177 167 123 75 46
23 153 253 251 252 248 254 253 254 254
254 254 253 253 256 256 256 256 256 256
256 256 256 256 256 256 256 256 256 256
256 256 256 256 205 85 118 127 137 148
154 144 127 110 94 83 88 256 256 254
252 254 251 254 252 254 253 249 256 254
181 133 136 148 153 148 117 128 149 192
196 172 149 100 57 56 64 235 254 253
254 254 254 256 256 256 256 254 254 254
254 254 254 254 254 254 254 254 254 254
254 254 254 254 254 254 256 249 256 252
242 139 100 122 129 143 152 147 132 114
95 82 66 224 251 253 256 250 253 254
254 256 256 256 256 252 152 134 138 150
154 141 120 131 168 195 185 162 124 75
51 28 169 256 256 248 254 253 256 256
256 256 256 256 256 256 254 254 254 254
254 254 254 254 254 254 254 254 254 254
254 254 256 256 250 256 254 217 89 118
125 137 148 147 137 120 100 84 73 190
256 256 256 253 256 256 256 253 256 256
254 245 130 138 140 149 153 136 129 138
182 189 167 148 104 61 57 56 256 249
256 254 252 256 256 256 256 256 256 256
256 256 256 256 256 256 256 256 256 256
256 256 256 256 256 256 256 256 256 256
251 256 252 256 130 110 124 134 144 147
141 126 106 90 85 142 256 256 254 253
256 250 256 252 254 256 256 228 123 142
140 148 152 135 135 147 188 181 153 134
88 54 30 157 253 256 256 256 256 256
256 256 256 256 256 256 256 256 256 256
256 256 256 256 256 256 256 256 256 256
256 256 256 256 256 256 256 254 256 256
207 100 121 131 143 150 147 132 110 94
81 95 256 256 254 256 256 256 256 256
256 256 256 201 126 142 140 149 150 138
137 156 186 172 144 118 72 47 49 244
256 256 248 254 256 256 256 256 256 256
256 256 256 256 256 256 256 256 256 256
256 256 256 256 256 256 256 256 256 256
256 256 256 256 256 256 256 129 118 127
141 152 150 135 114 100 81 83 250 256
249 256 251 256 248 256 248 256 256 170
132 138 140 152 150 141 140 166 178 158
133 99 58 43 116 256 256 208 195 195
188 194 191 192 193 192 192 191 191 191
192 192 192 192 192 192 192 192 192 192
192 192 192 192 192 192 193 192 187 199
186 200 192 136 121 126 134 141 140 132
120 113 102 97 190 194 193 194 190 199
195 205 179 227 256 150 136 135 141 156
150 143 146 173 170 146 123 84 50 43
187 256 245 163 137 131 126 129 129 129
129 129 129 129 128 128 128 128 128 128
128 128 128 128 128 128 128 128 128 128
128 128 131 123 136 121 134 125 121 138
127 126 126 128 128 127 127 128 140 123
131 125 131 124 124 131 125 123 85 159
256 135 128 137 143 151 148 145 153 173
161 135 108 73 53 58 252 248 254 144
151 170 154 149 153 151 154 155 152 154
155 152 153 153 153 153 153 153 153 153
153 153 153 153 153 153 153 153 153 153
153 153 153 153 153 153 153 154 154 154
154 154 154 154 160 154 161 147 153 155
160 155 158 95 46 145 248 132 129 137
143 151 150 148 157 168 151 130 103 65
48 113 256 256 256 138 134 187 222 211
208 208 210 210 207 208 208 206 209 209
209 209 209 209 209 209 209 209 209 209
209 209 209 209 209 209 209 209 209 209
209 209 209 209 209 209 209 209 209 209
206 207 215 206 214 198 198 207 133 76
34 136 235 128 130 138 143 152 151 150
160 162 140 122 95 55 44 187 253 254
256 147 130 167 169 77 80 82 84 83
82 81 81 79 83 83 83 83 83 83
83 83 83 83 83 83 83 83 83 83
83 83 83 83 83 83 83 83 83 83
83 83 83 83 83 83 83 82 83 78
89 74 88 118 115 64 30 136 222 126
132 139 142 151 150 152 161 158 132 114
86 50 53 240 256 256 249 147 141 180
172 38 91 98 100 99 98 98 96 96
99 99 99 99 99 99 99 99 99 99
99 99 99 99 99 99 100 100 100 100
100 100 100 100 100 100 100 100 100 100
100 100 105 100 99 94 102 97 131 158
109 64 35 142 212 124 135 139 142 151
149 151 158 155 130 107 79 50 82 256
252 256 252 147 135 165 164 41 136 148
152 149 151 150 149 149 149 149 149 149
149 149 149 149 149 149 149 149 149 149
149 149 150 150 150 150 150 150 150 150
150 149 149 149 149 149 149 149 155 150
156 152 148 150 188 184 106 63 35 141
203 123 136 138 141 152 150 152 157 148
126 101 71 51 132 256 256 256 254 145
131 162 159 43 134 149 153 151 153 152
150 151 150 150 150 150 150 150 150 150
150 150 150 150 150 150 150 150 151 151
151 151 151 151 151 151 151 151 151 151
151 151 151 151 153 149 156 155 146 153
193 169 106 64 35 139 196 121 135 136
142 153 151 153 158 138 120 97 63 49
188 254 254 253 251 145 136 177 163 35
131 149 153 150 152 152 147 150 150 150
150 150 150 150 150 150 150 150 150 150
150 150 150 150 151 151 151 151 151 151
151 151 151 151 151 151 151 151 151 151
153 152 151 149 147 154 196 177 106 64
36 139 192 120 135 135 142 155 153 155
159 130 114 95 59 46 224 256 254 250
253 142 122 171 163 34 129 148 153 148
150 149 144 147 149 149 149 149 149 149
149 149 149 149 149 149 149 149 149 149
150 150 150 150 150 150 150 150 150 150
150 150 150 150 150 150 150 155 149 148
151 148 184 172 101 60 32 136 186 125
137 139 149 157 156 156 154 125 116 91
53 63 247 256 254 256 256 143 129 169
165 41 125 157 148 151 146 149 152 155
154 154 153 153 153 152 152 152 150 152
147 151 144 152 154 147 148 146 153 153
153 151 147 155 147 151 152 149 148 151
150 146 152 151 152 149 155 148 192 172
105 59 32 139 185 124 135 137 146 155
157 158 153 123 111 87 56 81 253 256
254 256 254 143 129 169 165 41 133 146
150 158 146 149 147 152 150 150 150 150
149 149 149 149 153 146 149 151 157 144
145 155 152 153 148 146 154 159 150 146
153 149 147 149 149 149 151 157 151 149
151 146 152 150 188 180 112 65 33 137
185 121 133 135 143 153 157 160 150 121
106 81 58 109 256 254 256 256 256 143
129 170 165 41 128 149 151 149 154 181
175 177 170 170 170 169 169 169 169 169
168 161 157 138 155 154 151 148 150 146
160 177 175 166 167 172 165 162 164 167
168 166 166 168 159 169 177 161 166 171
189 185 100 58 30 137 184 118 132 135
141 151 156 159 144 120 103 77 58 137
256 253 256 256 256 144 130 170 165 41
132 149 139 170 201 195 154 137 131 131
130 130 130 129 129 129 130 113 113 122
135 149 150 150 143 172 202 198 161 137
139 132 134 137 136 132 132 133 131 126
141 125 128 132 135 128 138 170 102 64
35 138 186 116 130 136 141 151 156 156
138 119 102 75 55 159 256 253 256 256
256 144 130 171 166 42 135 147 158 223
207 133 99 100 97 97 97 97 96 96
96 96 94 109 113 110 83 127 160 148
157 221 205 136 96 94 98 84 95 92
90 90 92 97 100 101 94 99 101 92
89 98 94 102 93 66 36 129 192 117
129 136 140 151 156 154 134 119 102 75
54 179 256 254 256 256 256 144 131 171
166 42 129 151 188 223 145 70 56 54
56 55 55 55 55 54 55 55 57 77
114 145 89 80 142 154 179 218 152 77
64 57 56 65 60 53 53 60 62 54
52 56 57 56 51 64 55 56 49 51
60 53 35 127 200 120 128 134 139 151
158 155 133 118 100 75 55 195 256 256
256 256 256 144 130 171 167 42 130 151
191 182 106 59 20 16 22 22 22 22
21 22 21 22 29 47 108 157 131 58
137 143 198 186 112 54 27 10 21 22
19 23 22 17 19 27 25 16 27 22
6 30 18 25 28 18 15 27 24 116
207 122 127 132 137 150 159 156 134 117
98 76 57 205 256 256 256 256 256 144
131 171 167 42 136 151 199 174 101 50
18 107 169 169 169 169 170 169 170 169
170 119 133 162 161 31 131 154 197 172
114 56 23 89 181 165 167 178 151 100
85 108 109 81 58 51 67 164 174 165
171 173 169 177 157 224 219 112 130 128
141 142 161 152 133 112 100 70 56 220
249 256 256 256 256 144 131 171 167 42
132 151 196 172 99 58 29 160 256 254
254 254 256 254 254 256 252 137 130 168
169 34 123 152 193 173 108 58 31 147
256 252 254 248 248 118 130 157 151 109
73 61 103 247 256 253 256 256 256 256
256 256 231 113 129 128 139 143 158 154
131 113 100 72 57 222 252 256 256 256
256 144 131 171 167 42 132 151 196 172
100 58 29 160 254 254 254 256 254 256
254 254 253 138 131 169 169 34 123 152
200 173 102 67 34 155 249 251 254 249
249 120 132 158 149 104 75 59 114 251
256 253 256 254 256 256 256 256 246 116
126 129 137 144 154 156 130 114 101 74
59 223 256 254 256 256 256 144 130 171
167 42 132 151 196 172 100 58 29 160
256 254 256 256 254 256 254 254 254 140
132 169 170 34 123 151 192 175 103 69
24 154 249 256 252 252 251 121 134 157
148 99 77 53 134 256 256 253 256 254
256 256 256 256 256 123 122 128 135 145
149 157 128 115 102 77 60 222 256 253
254 256 256 144 130 171 166 42 132 152
196 173 100 58 29 160 256 256 256 256
256 256 256 256 256 141 133 170 170 34
123 152 188 178 106 64 29 149 256 253
252 256 250 122 137 157 148 94 74 47
160 256 256 253 256 254 256 256 256 256
256 138 117 127 135 144 146 156 129 117
102 82 60 216 256 253 254 256 256 143
130 171 166 42 132 151 196 173 99 58
29 160 256 256 256 256 256 256 256 256
256 141 134 170 170 34 123 152 191 176
109 71 54 128 256 244 253 254 245 122
140 154 146 92 67 45 189 256 256 254
256 256 256 256 256 256 256 162 115 124
134 140 146 155 130 117 102 87 59 208
256 254 253 256 256 143 130 170 166 42
132 151 196 173 99 58 29 160 256 256
256 256 256 256 256 256 256 141 133 169
170 34 123 151 174 167 123 87 66 85
233 256 254 254 238 122 145 152 142 87
61 49 220 256 254 256 256 256 256 256
256 256 256 189 116 120 132 135 148 155
132 118 102 90 58 200 254 256 253 256
254 142 130 170 166 42 132 151 196 172
99 58 29 160 256 256 256 256 256 256
256 256 256 141 133 170 170 34 123 151
155 167 141 108 82 68 159 242 253 251
230 123 149 149 136 81 58 58 248 254
256 256 252 256 256 256 256 256 256 207
117 118 130 131 149 156 134 118 102 93
57 195 251 256 253 256 254 142 130 170
166 42 132 151 196 173 100 58 29 160
256 256 256 256 256 256 256 256 256 140
133 170 170 34 123 151 159 174 148 124
111 88 81 151 250 248 225 123 152 148
132 76 58 65 256 254 256 256 250 256
256 256 256 256 256 233 115 112 127 136
146 147 142 113 113 94 63 171 253 256
256 256 254 144 132 172 165 41 132 148
203 168 101 55 26 163 256 256 244 252
256 248 256 251 256 140 133 173 168 35
127 150 151 157 134 141 139 104 98 95
114 212 199 131 143 149 101 73 48 125
256 256 252 256 256 256 256 256 256 256
256 248 122 115 120 130 141 152 141 119
112 92 70 153 254 256 256 256 254 144
132 172 165 41 132 150 200 166 98 56
35 165 254 256 256 256 256 256 254 256
247 149 132 162 173 33 121 156 147 157
159 116 130 158 118 116 117 102 101 128
154 146 104 63 50 168 249 249 256 254
248 251 256 256 256 256 256 256 147 116
118 126 133 151 142 125 110 93 78 124
256 254 256 256 254 144 132 172 165 41
133 152 194 164 101 61 44 153 253 253
256 251 252 256 250 256 254 140 132 183
167 35 127 149 156 145 156 139 112 132
153 148 123 125 109 96 112 126 97 51
32 220 256 253 256 256 256 256 256 256
256 254 251 256 188 111 119 127 126 143
147 126 111 97 82 95 256 254 256 256
254 144 132 171 165 41 133 152 183 163
110 73 49 120 256 256 256 251 254 256
256 256 239 132 140 213 142 37 130 155
149 167 156 160 139 101 120 145 168 141
127 122 111 107 96 72 59 241 256 253
252 254 256 245 256 256 256 256 253 254
231 105 117 129 125 137 152 125 113 102
83 76 254 256 256 256 253 144 132 171
165 40 134 151 171 167 125 91 58 84
233 254 249 256 256 252 256 254 179 142
173 220 87 46 150 191 196 164 139 129
138 138 115 96 104 157 162 135 129 113
100 110 117 225 247 256 251 254 256 256
256 256 256 256 254 249 256 120 110 124
126 136 153 126 117 105 87 69 228 256
256 256 253 144 131 171 164 40 133 150
159 167 137 111 80 75 141 235 256 251
248 256 256 195 144 158 219 198 31 86
206 208 167 120 114 123 95 103 136 126
114 93 118 162 161 141 125 108 101 114
158 231 256 256 250 256 256 256 256 256
254 251 256 164 108 116 125 133 147 132
120 103 94 71 190 256 256 256 253 144
131 171 164 40 130 149 152 165 142 127
113 95 83 131 177 215 214 182 163 147
166 192 216 118 37 157 227 161 78 72
72 108 130 92 92 150 141 130 105 93
120 159 163 139 115 103 105 109 168 240
256 248 256 256 256 256 252 254 256 205
110 110 122 129 142 138 123 100 101 74
162 256 256 256 253 143 131 170 164 40
129 150 147 162 140 137 138 120 115 110
118 125 131 137 145 168 195 232 175 18
89 217 187 101 60 25 62 84 141 134
53 125 154 152 148 131 104 97 126 166
160 129 123 100 108 110 173 246 256 254
256 256 254 247 256 250 105 118 115 129
135 149 122 113 93 88 101 256 256 253
253 153 114 168 173 36 113 159 150 143
152 126 127 162 147 140 139 148 153 160
186 215 232 148 16 73 142 212 168 84
51 0 68 117 124 182 51 103 154 153
153 149 140 128 108 87 125 169 156 125
118 106 106 116 192 236 254 256 254 254
256 250 167 98 115 123 131 141 129 114
98 93 86 244 256 256 253 156 117 154
177 47 108 147 152 153 154 133 117 109
141 183 202 192 202 229 217 177 76 30
76 140 154 213 150 82 43 10 149 107
129 168 100 73 140 144 148 153 158 152
138 127 103 94 129 173 158 123 114 110
96 138 181 243 253 253 256 252 230 91
117 118 127 134 136 117 103 99 74 205
256 256 254 175 118 136 176 73 94 142
152 146 153 149 134 116 86 82 87 102
100 77 52 40 59 102 145 142 177 216
142 76 37 25 223 102 126 144 149 52
119 149 158 149 150 152 152 157 138 118
99 100 137 170 151 120 113 101 86 176
254 247 256 256 254 125 111 114 124 132
138 124 107 101 78 149 256 256 256 207
114 125 165 113 68 140 156 140 152 158
151 157 137 112 96 97 95 89 101 122
142 154 155 147 205 194 123 64 30 58
251 130 113 126 168 81 96 143 157 141
146 154 149 147 159 153 147 113 88 105
139 174 130 84 33 157 254 251 256 256
254 190 97 109 120 133 136 131 110 101
94 99 253 256 256 236 111 119 148 154
53 120 157 151 149 151 149 158 149 153
152 145 142 148 153 153 153 145 152 150
221 180 84 53 10 115 256 191 104 112
153 134 66 121 153 151 153 150 144 151
145 159 148 142 150 112 87 132 105 63
18 164 249 254 256 252 254 246 109 104
114 130 130 135 118 103 105 76 216 256
254 251 136 113 132 170 79 90 140 161
146 150 156 148 153 147 146 154 156 151
150 154 145 160 151 171 225 155 79 35
1 182 256 240 121 101 118 149 92 112
127 143 155 149 147 159 145 151 159 158
143 157 184 169 100 66 29 162 250 254
256 252 256 256 170 102 106 120 127 133
129 108 102 83 149 254 253 254 191 109
119 149 127 79 113 154 146 153 162 155
152 156 155 153 154 156 152 145 155 138
152 227 201 98 74 11 48 235 256 256
186 103 95 115 126 110 98 109 134 150
149 144 156 156 141 151 147 158 191 167
97 62 35 156 254 246 256 256 252 256
236 104 101 110 125 130 138 113 95 98
91 252 256 254 240 107 112 120 159 86
97 142 150 150 150 155 150 151 152 152
151 149 153 157 148 159 199 212 155 75
26 9 117 256 253 256 256 118 92 78
87 110 123 106 95 115 142 151 152 155
145 163 146 151 203 174 105 60 35 150
256 254 254 256 252 256 247 169 93 110
108 128 137 123 106 104 87 185 254 256
256 177 97 110 123 142 84 106 141 147
162 150 147 150 151 151 151 153 151 148
155 193 229 167 102 49 9 24 232 250
254 252 256 224 114 66 72 82 95 118
129 101 91 137 147 158 152 148 158 136
203 172 102 62 31 158 254 256 253 254
252 256 256 236 108 104 107 122 129 133
115 100 94 113 254 256 245 256 120 86
114 123 131 81 112 138 143 149 155 152
149 149 149 152 159 166 201 211 174 94
61 26 8 142 254 254 246 248 256 256
159 118 71 75 74 97 88 129 119 94
110 129 155 140 157 153 187 168 103 62
31 158 249 256 256 256 256 253 256 256
179 86 111 101 122 139 121 112 97 94
187 256 256 248 222 101 89 100 121 134
91 116 142 153 158 156 158 165 171 177
186 199 190 139 96 71 24 6 74 252
249 254 254 256 256 224 152 144 107 60
56 65 70 98 99 129 119 93 127 145
152 152 197 180 103 62 31 159 252 256
256 256 256 253 246 252 250 122 89 104
115 133 127 122 105 100 115 256 251 251
252 194 84 68 102 95 112 124 103 120
124 131 143 154 158 153 146 139 108 83
55 18 11 49 234 256 254 246 254 247
256 171 157 148 53 27 145 115 73 63
85 92 117 127 102 97 128 147 195 162
102 62 31 159 256 256 256 251 256 256
256 256 256 209 88 107 102 119 129 122
111 101 99 191 256 256 247 256 195 95
64 71 85 89 97 107 118 123 123 118
114 109 94 77 61 38 10 8 52 230
256 256 256 248 256 256 231 145 151 87
33 90 244 247 184 83 65 74 80 103
120 121 93 107 185 176 103 63 31 159
256 252 256 252 248 256 256 256 254 253
173 76 90 107 118 130 117 115 102 101
250 252 256 253 251 221 99 72 58 58
69 71 69 73 72 66 63 59 47 32
23 0 13 129 256 256 256 254 250 254
256 245 167 146 131 39 46 222 256 254
256 225 144 68 71 69 91 114 120 108
124 180 102 63 31 159 256 250 256 256
252 256 249 251 256 251 254 113 89 95
105 127 131 120 107 88 154 247 256 256
256 250 256 180 109 48 39 41 43 40
38 37 30 17 10 9 17 116 211 250
256 246 256 256 256 256 246 210 154 144
68 27 161 253 253 256 250 256 249 216
109 75 66 78 90 114 129 160 102 64
31 159 256 251 256 254 256 256 250 256
256 256 253 224 96 84 106 103 134 117
119 116 94 203 256 256 253 256 250 256
248 227 178 124 93 68 51 55 68 93
139 184 247 251 256 252 249 256 245 254
250 256 235 154 141 97 19 106 256 256
256 246 254 256 249 254 252 181 75 65
79 78 96 130 102 63 32 159 256 256
256 256 256 256 256 256 252 256 256 256
185 93 81 98 104 149 108 119 106 110
227 256 256 251 256 256 254 256 254 248
256 256 256 256 256 254 254 254 253 253
254 254 252 254 254 254 256 246 168 144
120 28 66 248 256 256 256 256 256 256
254 254 252 256 234 143 67 58 80 89
95 68 31 158 254 256 256 256 256 256
256 256 256 256 254 256 254 173 78 85
103 92 136 122 109 112 128 243 250 256
254 254 254 242 249 254 256 256 256 256
256 254 253 254 254 254 246 249 254 254
256 249 256 170 152 140 33 51 235 256
256 256 256 256 254 254 254 254 256 246
253 256 203 114 66 63 87 66 40 151
254 254 254 256 256 256 256 256 253 252
256 254 256 248 154 81 92 83 120 124
119 122 113 147 256 248 256 256 256 256
246 254 253 254 256 256 254 254 253 252
254 251 254 256 256 256 246 256 180 155
143 37 36 218 250 256 256 256 256 256
254 254 254 254 253 256 256 254 254 248
172 87 62 64 38 161 254 254 254 254
256 256 256 256 252 254 256 256 247 256
246 150 66 94 84 106 130 121 117 100
143 240 256 252 256 256 254 252 254 256
256 256 256 254 254 253 250 254 252 256
248 253 252 184 151 144 43 38 208 256
252 256 256 256 256 256 256 256 256 254
256 256 253 248 246 254 252 240 151 66
55 153 254 254 254 254 254 256 256 256
256 256 248 256 256 251 256 248 156 73
77 85 104 136 117 127 112 142 229 256
244 253 252 256 256 256 256 253 253 254
254 254 252 254 256 248 256 247 169 151
141 43 43 207 256 256 256 248 256 256
256 256 256 256 256 256 253 254 256 256
256 256 256 254 247 214 119 154 254 254
254 254 254 254 256 256 256 249 256 252
256 256 247 256 256 169 70 78 82 79
129 135 129 123 132 206 256 256 256 253
256 256 256 253 252 254 254 254 254 245
250 256 215 164 158 125 33 54 235 256
244 256 253 256 256 256 256 256 256 256
256 256 256 256 256 256 256 251 252 253
256 249 252 254 254 254 254 254 254 254
256 256 252 246 256 250 245 256 256 246
247 256 205 84 61 82 76 103 129 119
122 120 155 224 256 256 251 256 256 254
253 254 254 250 249 254 240 177 146 156
100 14 108 251 256 254 256 256 251 247
256 256 256 256 256 256 256 256 253 253
254 253 252 256 256 256 256 256 250 252
254 254 254 254 254 254 254 256 256 256
249 256 256 248 256 256 256 247 256 241
136 59 71 70 84 117 129 129 128 126
157 204 247 253 256 256 254 254 252 246
214 181 147 162 133 30 43 181 254 256
251 252 256 250 256 256 256 256 256 256
256 256 256 256 256 256 256 256 256 256
256 250 252 256 256 254 256 256 256 256
256 256 256 256 256 256 256 256 256 256
256 256 254 256 253 256 256 196 104 54
61 60 80 113 133 135 131 128 137 153
169 176 180 176 160 142 155 148 119 51
26 124 235 256 256 256 256 256 256 256
256 256 256 256 256 256 256 256 256 256
256 256 256 256 256 256 256 256 256 256
256 256 256 256 256 256 256 256 256 256
256 256 256 256 256 256 256 256 254 250
256 256 256 256 233 192 92 68 49 51
64 87 112 129 137 144 149 150 148 145
137 129 84 30 38 131 221 256 256 248
256 256 256 256 256 256 256 256 256 256
256 256 256 256 256 256 256 256 256 256
256 256 256 256 256 256 256 256 256 256
256 256 256 256 256 256 256 256 256 256
256 256 256 256 256 251 256 256 246 256
256 248 256 207 139 82 45 34 39 45
49 51 55 56 48 36 29 27 90 167
233 253 254 253 252 256 256 256 256 256
256 256 256 256 256 256 256 256 256 256
256 256 256 256 256 256 256 256 256 256
256 256 256 256 256 256 256 256 256 256
256 256 256 256 256 256 256 256 256 256
256 256 256 256 256 251 249 256 256 256
256 253 230 193 152 121 105 95 93 105
126 159 205 244 256 256 252 250 256 256
253 256 256 256 256 256 256 256 256 256
256 256 256 256 256 256 256 256 256 256
256 256 256 256 256 256 256 256 256 256
256 256 256 256 256 256 256 256 256 256
256 256 256 256 256 256 256 256 256 256
256 256 256 256 256 253 256 253 250 229
207 196 183 181 182 186 196 215 238 253
251 256 256 256 256 256 253 256 256 256
256 253 256 253 251 256 256 256 256 256
256 256 256 256 256 256 256 256 256 256
256 256 256 256 256 256 256 256 256 256
256 256 256 256 256 256 256 256 256 256
256 256 256 251 256 256 256 256 249 253
256 249 213 165 142 148 151 143 140 138
135 132 130 131 139 145 177 225 256 253
240 256 256 250 253 254 256 256 256 256
256 249 256 256 256 256 256 256 256 256
256 256 256 256 256 256 256 256 256 256
256 256 256 256 256 256 256 256 256 256
256 256 256 256 256 256 256 256 256 256
256 256 256 252 256 232 178 153 138 147
154 146 141 146 141 142 142 142 139 134
130 131 129 118 131 200 256 256 245 256
256 256 256 256 252 251 256 256 256 256
256 256 256 256 256 256 256 256 256 256
256 256 256 256 256 256 256 256 256 256
256 256 256 256 256 256 256 256 256 256
256 256 256 256 256 246 256 252 256 244
179 146 152 148 148 151 152 147 146 150
148 146 145 146 146 142 138 135 132 133
130 118 130 191 245 254 256 256 256 256
256 251 248 254 256 256 256 256 256 256
256 256 256 256 256 256 256 256 256 256
256 256 256 256 256 256 256 256 256 256
256 256 256 256 256 256 256 256 256 256
240 253 253 251 204 144 144 147 141 148
153 154 159 171 183 188 183 175 164 156
150 145 142 141 133 138 128 125 123 115
149 218 246 256 256 245 256 256 253 252
256 256 256 256 256 256 256 256 256 256
256 256 256 256 256 256 256 256 256 256
256 256 256 256 256 256 256 256 256 256
256 256 256 256 256 256 253 253 235 163
131 155 154 153 157 167 188 213 227 214
179 149 131 125 120 120 125 131 138 143
141 130 132 133 123 121 120 109 183 239
256 253 251 256 256 256 256 256 256 256
256 256 256 256 256 256 256 256 256 256
256 256 256 256 256 256 256 256 256 256
256 256 256 256 256 256 256 256 256 256
256 256 251 205 146 148 155 144 153 162
201 227 220 166 111 88 82 75 82 80
78 80 82 85 89 92 109 128 133 133
135 121 112 120 112 160 227 253 253 251
254 252 256 256 256 256 256 256 256 256
256 256 256 256 256 256 256 256 256 256
256 256 256 256 256 256 256 256 256 256
256 256 256 256 256 256 256 256 192 156
141 148 152 155 185 231 216 153 95 78
82 81 84 94 92 93 95 97 96 93
91 91 90 95 106 120 130 130 125 120
118 96 146 226 251 251 253 253 256 256
256 256 256 256 256 256 256 256 256 256
256 256 256 256 256 256 256 256 256 256
256 256 256 256 256 256 256 256 249 252
256 254 256 197 140 141 149 156 164 210
228 169 91 84 80 84 94 102 106 107
113 117 116 113 112 114 112 106 102 98
95 100 112 123 128 126 118 118 100 123
233 253 253 252 253 256 251 250 256 256
252 256 256 256 256 256 256 256 256 256
256 256 256 256 256 256 256 256 256 256
256 256 252 247 256 256 253 252 200 152
137 155 155 155 218 221 125 87 81 87
97 107 115 121 128 133 140 145 145 142
140 137 130 122 119 114 107 103 104 110
117 123 119 120 109 110 111 237 251 252
253 249 251 256 256 244 256 256 256 256
256 256 256 256 256 256 256 256 256 256
256 256 256 256 256 256 256 256 256 254
256 256 246 219 145 144 150 145 167 230
199 97 74 83 98 106 116 126 136 148
163 174 176 181 184 183 179 172 161 149
141 132 123 116 110 106 108 113 127 120
119 97 97 124 239 253 247 253 256 251
252 256 254 256 256 256 256 256 256 256
256 256 256 256 256 256 256 256 256 256
256 256 256 256 256 249 256 241 230 150
148 152 148 170 218 183 92 78 102 99
118 127 140 155 173 191 206 213 224 228
230 229 226 218 208 200 179 163 145 134
125 115 111 112 123 117 123 114 111 91
141 246 253 250 256 243 250 256 251 256
256 256 256 256 256 256 256 256 256 256
256 256 256 256 256 256 256 256 256 256
256 251 249 254 150 146 146 152 168 211
176 91 82 101 101 126 130 150 179 205
226 238 241 241 247 246 246 245 244 242
239 233 224 207 185 164 143 128 121 121
102 128 116 122 107 105 92 162 253 241
253 256 256 252 256 256 256 256 256 256
256 256 256 256 256 256 256 256 256 256
256 256 256 256 256 256 256 252 250 176
146 146 152 166 200 184 99 77 105 103
121 144 170 195 226 243 247 246 244 241
237 235 233 232 233 232 233 233 237 233
225 206 179 153 135 125 115 122 115 114
121 99 114 87 192 253 256 253 256 248
256 256 256 256 256 256 256 256 256 256
256 256 256 256 256 256 256 256 256 256
256 256 256 256 202 132 152 158 158 198
195 96 82 102 111 137 155 182 220 236
245 242 233 230 227 225 225 222 218 217
217 217 218 217 217 226 229 225 212 191
163 140 142 110 123 122 117 122 99 93
111 234 256 243 256 256 256 256 256 256
256 256 256 256 256 256 256 256 256 256
256 256 256 256 256 256 256 256 252 230
150 144 150 150 184 205 103 93 95 120
128 144 196 229 240 242 238 229 224 220
214 207 209 206 204 201 200 198 197 195
201 204 208 211 221 219 195 167 129 141
121 122 126 112 103 106 90 144 253 256
246 256 253 256 256 256 256 256 256 256
256 256 256 256 256 256 253 250 247 253
252 246 251 248 251 156 140 145 143 172
206 126 84 106 115 120 154 202 232 241
233 222 214 211 207 199 186 175 154 142
134 136 140 146 162 180 184 186 186 188
199 210 209 201 166 139 132 132 118 116
115 100 92 90 190 251 253 248 256 256
256 256 256 256 256 256 256 256 256 256
256 256 251 252 253 251 253 253 245 251
202 143 145 151 144 195 150 100 98 107
122 152 197 230 234 224 217 208 204 201
167 137 123 94 83 85 82 77 79 90
98 99 126 157 183 186 183 191 201 204
195 166 141 133 128 122 114 106 95 89
117 237 249 253 254 256 256 256 256 256
256 256 256 256 256 256 256 256 248 253
253 250 253 253 246 242 151 140 143 149
169 182 99 90 112 114 146 198 232 237
224 210 203 200 167 135 99 72 72 67
66 54 51 60 62 57 64 79 82 90
116 153 173 175 181 192 202 191 162 139
134 130 118 112 103 89 78 168 253 251
256 252 256 256 256 256 256 256 256 256
256 256 256 256 250 253 247 253 248 248
251 189 134 149 137 151 194 126 90 106
119 137 185 228 231 215 206 202 188 150
105 77 76 69 49 45 36 33 32 33
35 39 47 53 56 66 76 94 130 167
179 171 180 194 184 154 136 134 126 115
109 101 87 96 241 246 256 256 256 256
256 256 256 256 256 256 256 256 256 256
253 253 247 253 249 253 241 145 139 148
144 170 168 87 101 118 130 176 221 229
214 204 193 174 131 76 76 59 33 36
24 24 19 29 55 83 85 63 42 36
44 55 65 72 86 114 146 166 167 182
190 174 148 136 131 120 110 113 96 80
158 253 246 256 256 256 256 256 256 256
256 256 256 256 256 256 253 250 253 247
253 253 193 134 144 138 162 181 110 94
109 121 158 210 233 212 201 202 171 124
77 68 53 26 30 23 37 134 207 239
251 246 247 251 244 215 153 82 41 58
72 71 105 160 168 166 178 183 165 142
134 128 115 106 100 86 90 243 253 253
256 256 256 256 256 256 256 256 256 256
256 256 253 251 253 244 253 239 149 139
144 141 171 153 88 109 117 141 195 222
218 196 189 168 118 78 60 42 28 23
61 167 253 253 245 251 251 251 250 251
251 246 250 250 195 98 46 63 90 94
144 152 163 172 172 157 140 135 124 102
106 89 77 168 253 251 256 256 256 256
256 256 256 256 256 256 256 256 252 253
252 252 253 205 133 140 143 154 167 111
104 108 128 171 221 217 199 190 177 120
65 59 44 31 22 133 241 251 253 250
253 252 252 253 253 251 252 253 253 252
253 244 172 84 59 85 109 144 157 157
170 169 148 138 128 118 103 96 82 104
245 253 256 256 256 256 256 256 256 256
256 256 256 256 253 253 253 249 253 150
140 137 139 167 142 102 107 119 146 205
211 208 181 189 121 80 48 41 28 45
194 253 245 256 251 256 253 253 253 253
253 253 253 253 250 253 253 248 253 211
94 72 82 117 145 155 145 169 164 142
139 113 121 100 86 73 198 251 256 254
248 256 256 251 256 254 256 256 256 256
253 253 252 253 226 142 138 140 148 164
125 100 111 131 176 214 216 195 170 142
74 63 37 24 50 223 256 256 256 249
256 251 253 253 253 253 253 253 253 253
253 251 253 251 238 253 250 110 71 87
130 136 149 157 158 151 137 129 115 99
92 77 135 251 253 256 256 256 256 254
254 256 256 256 256 256 251 253 252 253
181 135 136 144 157 153 107 102 121 152
206 212 188 184 158 92 59 39 33 63
234 256 242 254 256 247 256 256 256 256
256 256 256 256 256 256 248 256 247 256
256 238 256 248 128 67 93 133 136 144
159 152 141 140 111 107 96 84 77 231
250 256 256 252 256 256 250 256 256 256
256 256 251 253 251 251 144 134 137 147
160 133 102 109 135 177 212 195 180 174
107 58 55 29 41 218 253 254 256 250
250 256 249 256 256 256 256 256 256 256
256 256 256 256 253 249 256 256 249 256
234 102 92 99 135 140 141 154 149 139
119 120 96 87 66 179 256 252 256 251
254 256 251 256 256 256 256 256 253 253
249 230 127 139 139 148 159 114 107 119
150 199 203 182 171 134 79 46 36 20
218 251 250 256 256 250 256 256 251 256
256 256 256 256 256 256 256 256 256 241
256 254 249 256 250 254 256 245 79 99
110 136 130 149 152 141 132 120 101 88
77 113 256 251 256 256 254 256 256 256
256 256 256 256 253 253 246 192 127 143
141 150 151 106 115 131 167 208 190 176
152 90 54 49 20 160 238 253 256 252
256 256 254 254 256 256 256 256 256 256
256 256 256 256 250 256 256 250 256 256
251 256 256 251 209 76 97 128 126 139
146 149 140 113 112 89 82 70 237 256
256 256 256 253 256 252 256 256 256 256
252 253 243 151 134 142 142 153 135 109
119 147 185 202 176 164 124 67 50 25
88 248 253 248 256 253 256 251 256 256
249 256 256 256 256 256 256 256 256 256
256 256 254 256 250 245 256 253 253 242
253 153 90 106 133 125 140 148 144 118
117 94 81 65 184 256 256 256 256 250
256 252 256 256 256 256 250 253 241 124
139 140 141 155 121 115 120 160 199 192
164 150 91 48 43 33 221 253 250 252
250 256 253 256 256 256 256 256 256 256
256 256 256 256 256 256 256 254 254 256
256 256 256 256 256 256 253 237 111 87
122 124 138 138 145 130 115 101 84 77
134 253 256 248 256 248 256 254 256 256
256 256 251 249 197 128 130 141 146 149
114 123 130 180 194 172 162 118 74 48
27 161 256 256 256 256 256 256 256 256
256 256 256 256 251 251 251 251 251 251
251 251 251 251 251 251 251 251 251 251
251 251 250 250 199 79 110 119 126 137
141 131 114 96 80 69 82 251 256 256
256 256 256 256 256 256 256 252 251 249
176 128 131 143 148 143 112 123 144 187
191 167 144 95 50 51 63 237 256 256
256 256 256 253 251 251 253 256 256 256
256 256 256 256 256 256 256 256 256 256
256 256 256 256 256 256 256 251 256 254
242 139 100 120 127 138 147 141 126 108
89 76 55 215 246 253 256 256 256 256
254 253 253 253 251 247 147 129 133 145
149 136 115 126 163 190 180 157 119 70
37 16 162 251 256 247 254 251 251 248
248 248 250 251 253 256 256 256 256 256
256 256 256 256 256 256 256 256 256 256
256 256 256 256 256 256 256 221 91 120
127 136 147 144 134 117 97 81 58 176
245 250 253 252 256 253 251 245 248 248
249 240 125 133 135 144 148 131 124 133
177 184 162 143 99 56 39 40 246 242
251 251 249 251 250 248 246 246 248 250
251 253 253 253 253 253 253 253 253 253
253 253 253 253 253 253 253 253 254 256
250 256 248 253 126 104 118 127 137 140
131 116 96 80 66 125 246 248 248 249
253 244 248 241 240 243 250 223 118 137
135 143 147 130 130 142 183 176 148 129
83 49 15 144 242 251 256 256 256 256
253 251 251 251 253 256 256 256 248 248
248 248 248 248 248 248 248 248 248 248
248 248 248 248 249 248 248 243 247 244
194 87 108 116 128 135 130 115 93 77
67 84 251 253 254 256 256 254 251 250
246 248 250 196 121 137 135 144 145 133
132 151 181 167 139 113 67 42 42 240
256 256 256 256 256 256 256 256 256 256
256 256 256 256 253 253 253 253 253 253
253 253 253 253 253 253 253 253 253 253
256 253 256 256 253 253 250 123 110 119
133 142 140 125 104 90 79 84 256 256
256 256 256 256 252 256 249 256 251 165
127 133 135 147 145 136 135 161 173 153
128 94 53 38 120 256 256 224 215 217
212 218 213 211 210 210 211 213 215 217
210 210 210 210 210 210 210 210 210 210
210 210 210 210 210 210 212 211 206 218
205 217 209 153 138 141 149 156 155 147
135 128 114 111 208 215 216 220 214 218
214 219 190 238 251 145 131 130 136 151
145 138 141 168 165 141 118 79 45 38
199 256 256 188 166 163 160 162 160 158
158 158 160 162 164 164 167 167 167 167
167 167 167 167 167 167 167 167 167 167
167 167 173 165 178 163 176 167 160 177
166 165 165 165 165 164 164 165 164 149
159 157 167 160 158 160 151 145 104 178
251 130 123 132 138 146 143 140 148 168
156 130 103 68 48 53 256 256 256 170
183 206 191 185 188 186 186 187 187 190
194 194 196 196 196 196 196 196 196 196
196 196 196 196 196 196 196 196 198 198
198 198 198 198 198 198 198 196 196 196
196 196 196 196 189 185 195 182 192 194
197 189 187 119 66 164 243 127 124 132
138 146 145 143 152 163 146 125 98 60
43 108 256 256 256 160 162 218 254 245
240 239 239 239 239 242 244 242 238 238
238 238 238 238 238 238 238 238 238 238
238 238 238 238 240 240 240 240 240 240
240 240 238 238 238 238 238 238 238 238
232 235 246 241 249 234 233 236 159 95
50 150 230 123 125 133 138 147 146 145
155 157 135 117 90 50 39 182 252 256
256 160 149 192 195 103 106 107 109 108
108 108 110 111 99 99 99 99 99 99
99 99 99 99 99 99 99 99 99 99
99 99 99 99 99 99 99 99 99 99
99 99 99 99 99 99 104 106 109 106
120 103 116 140 132 77 38 142 217 121
127 134 137 146 145 147 156 153 127 109
81 45 48 235 250 251 249 154 153 197
193 61 113 118 120 119 121 123 122 123
115 115 115 115 115 115 115 115 115 115
115 115 115 115 115 115 117 117 117 117
117 117 117 117 117 117 117 117 117 117
117 117 124 119 120 118 128 123 153 176
121 71 37 142 207 119 130 134 137 146
144 146 153 150 125 102 74 45 77 251
243 251 252 153 147 182 185 63 158 169
173 171 173 175 175 176 182 182 182 182
182 182 182 182 182 182 182 182 182 182
182 182 180 180 180 180 180 180 180 180
180 182 182 182 182 182 182 182 176 171
180 178 174 176 211 202 118 70 37 141
198 118 131 133 136 147 145 147 152 143
121 96 66 46 127 251 251 256 256 157
150 186 186 71 161 176 180 178 183 183
183 186 195 195 195 195 195 195 195 195
195 195 195 195 195 195 195 195 194 194
194 194 194 194 194 194 194 194 194 194
194 195 195 195 180 178 188 188 180 186
222 194 125 75 43 143 191 116 130 131
137 148 146 148 153 133 115 92 58 44
183 249 256 256 256 165 164 209 198 71
169 185 189 186 191 193 189 194 195 195
195 195 195 195 195 195 195 195 195 195
195 195 195 195 194 194 194 194 194 194
194 194 194 194 195 195 195 195 195 195
190 189 191 192 190 196 234 210 134 83
52 151 187 115 130 130 137 150 148 150
154 125 109 90 54 41 219 250 256 256
256 167 154 210 205 77 173 191 196 191
195 196 192 197 190 190 190 190 190 190
190 190 190 190 190 190 190 190 190 190
186 186 186 186 186 188 188 188 188 188
188 188 188 188 188 190 193 198 195 197
200 196 229 211 133 86 52 153 181 120
130 132 142 147 146 146 144 118 109 86
48 60 245 256 256 253 256 168 170 203
181 57 160 202 189 190 195 202 191 172
192 192 192 190 190 190 188 188 186 191
186 192 185 195 197 190 196 192 195 193
191 187 183 194 190 196 199 196 193 194
189 185 197 196 195 192 195 185 226 202
132 81 48 151 180 119 128 130 139 145
147 148 143 116 104 82 51 78 251 256
256 253 256 168 170 203 181 57 166 191
191 197 193 201 183 169 187 187 185 185
185 183 183 183 190 183 188 190 198 185
188 198 198 196 191 184 190 193 184 182
195 193 191 193 193 188 188 192 193 191
194 186 191 185 220 208 138 87 49 149
180 116 126 128 136 143 147 150 140 114
99 76 53 106 253 254 256 253 256 170
170 203 181 57 161 193 190 185 199 231
210 191 202 202 202 202 202 202 202 202
202 196 192 175 194 195 191 188 194 189
198 211 208 197 198 205 200 202 204 207
206 201 200 200 197 205 213 195 199 203
219 212 123 77 46 149 179 113 125 128
134 141 146 149 134 113 96 72 53 134
253 253 256 256 256 170 170 203 181 56
163 191 176 205 245 244 186 147 157 157
157 157 157 157 157 159 160 145 147 157
172 188 189 189 184 211 236 229 187 164
166 160 164 169 171 167 164 163 159 152
172 156 157 161 163 156 163 193 121 83
50 149 181 111 123 129 134 141 146 146
128 112 95 70 50 156 253 253 256 256
256 170 170 203 181 56 166 186 193 256
247 179 127 108 117 117 117 117 117 119
119 121 121 137 143 142 116 162 196 184
194 254 236 163 120 116 118 107 121 120
118 118 118 119 120 119 116 121 123 114
111 119 116 121 112 80 48 141 187 112
122 129 133 141 146 144 124 112 95 70
49 176 253 254 256 256 256 170 170 203
181 56 158 190 222 252 181 112 82 58
69 69 69 71 71 73 73 74 80 103
141 175 121 113 176 188 213 247 178 99
82 74 72 83 79 73 73 80 80 70
65 67 72 72 67 80 71 72 65 65
75 65 47 136 195 115 121 127 132 141
148 145 123 111 93 70 50 192 253 256
256 256 256 170 172 203 181 54 159 188
223 210 142 97 42 17 31 31 31 31
33 34 36 38 48 69 133 183 160 89
170 176 227 214 136 72 42 21 31 33
31 38 37 29 31 35 31 22 33 31
15 39 29 36 39 29 27 36 33 123
202 117 120 125 130 140 149 146 124 110
91 71 52 202 253 256 256 256 256 170
172 203 181 54 165 188 228 200 133 85
37 105 174 174 174 175 175 177 179 182
187 137 154 187 189 60 162 187 225 198
134 73 34 98 188 172 175 186 161 107
90 111 109 79 59 52 68 167 179 170
178 180 176 184 164 229 214 107 123 121
134 132 151 142 123 105 93 65 51 217
247 256 256 256 256 170 172 203 181 56
160 186 225 197 131 91 46 156 253 256
256 256 256 256 256 256 256 153 149 190
195 63 154 183 221 199 128 73 41 153
256 256 256 253 253 122 132 156 145 102
68 56 100 244 256 256 256 256 256 256
256 256 226 108 122 121 132 133 148 144
121 106 93 67 52 219 250 256 256 256
256 170 172 203 181 56 160 186 225 197
129 91 44 154 251 251 253 253 256 256
256 256 256 154 150 191 195 61 152 183
229 199 122 82 44 160 251 251 256 250
250 120 129 152 142 94 67 53 108 246
253 253 256 256 256 256 256 256 241 111
119 122 130 134 144 146 120 107 94 69
54 220 253 254 256 253 256 170 172 203
181 56 160 188 225 197 129 89 44 154
250 251 251 253 256 256 256 256 256 154
151 191 196 61 152 182 224 202 125 86
34 159 251 256 253 253 249 119 129 150
138 86 69 45 126 249 251 251 256 254
256 256 256 256 250 118 115 121 128 135
139 147 118 108 95 72 55 219 253 253
256 253 256 170 172 203 182 57 162 188
225 197 129 91 44 154 251 251 251 253
256 256 256 256 256 157 152 192 196 61
154 182 221 210 132 83 41 155 256 253
250 253 248 120 132 147 135 81 66 39
152 250 251 251 253 254 256 256 256 256
251 133 110 120 128 134 136 146 119 110
95 77 55 213 253 253 256 253 256 170
172 205 182 57 162 190 227 199 131 91
44 154 251 251 253 256 256 256 256 256
256 157 153 192 196 63 154 182 227 209
136 91 67 137 256 246 254 256 243 120
135 147 135 78 59 39 183 251 251 252
253 256 256 256 256 256 250 157 108 117
127 130 136 145 120 110 95 82 54 205
253 254 256 251 256 170 172 205 182 59
164 190 227 199 131 91 46 154 253 253
256 256 256 256 256 256 256 159 154 194
197 63 154 184 214 203 154 109 81 96
238 256 256 256 238 119 139 144 131 73
55 43 215 250 252 253 256 256 256 256
256 253 250 184 109 113 125 125 138 145
122 111 95 85 53 197 252 256 256 251
256 170 172 205 184 59 164 192 229 200
133 93 46 156 256 256 256 256 256 256
256 256 256 159 154 194 197 63 154 184
197 205 174 134 99 78 166 247 256 252
230 120 143 141 125 69 53 53 243 251
253 256 252 256 256 256 253 253 251 202
110 111 123 121 139 146 124 111 95 88
52 192 249 256 254 251 256 170 172 205
184 59 164 192 229 200 133 93 46 156
256 256 256 256 256 256 256 256 256 158
153 194 197 65 156 184 202 214 181 150
130 100 88 155 252 250 225 122 148 141
123 64 53 60 253 251 256 256 250 256
256 256 253 253 253 231 110 107 120 129
139 140 134 105 107 88 59 168 252 256
249 256 256 168 161 199 190 61 154 174
237 204 133 77 37 167 254 253 239 246
250 243 256 256 256 159 157 200 197 64
155 178 186 192 169 176 172 137 127 122
138 232 215 143 152 154 103 72 46 120
251 249 246 248 247 248 250 250 251 253
253 246 117 110 115 123 134 145 133 111
106 86 66 150 253 256 250 256 256 168
161 199 190 61 154 176 234 202 132 80
47 169 253 256 253 251 251 251 253 256
256 168 156 189 202 62 149 184 182 192
194 149 163 191 150 143 143 122 118 141
162 152 107 66 50 166 247 244 251 248
242 245 250 251 251 253 253 253 142 111
113 119 126 144 134 117 104 87 74 121
256 253 250 256 256 168 163 201 190 63
155 180 229 200 134 85 58 159 256 256
256 248 249 256 251 256 256 160 158 210
195 64 156 175 189 178 189 172 145 165
185 177 149 147 127 111 123 134 103 57
34 222 256 252 253 253 251 251 251 251
253 256 249 253 186 106 114 120 119 136
139 118 105 91 78 92 253 253 250 256
256 170 163 201 190 63 157 180 218 202
146 99 65 128 256 256 256 254 256 256
256 256 256 154 166 242 170 64 156 181
181 199 188 194 173 134 151 174 195 167
149 140 126 120 107 81 66 249 256 256
256 256 256 245 253 256 256 256 251 252
229 100 112 122 118 130 144 117 106 96
77 73 251 253 250 256 256 170 163 201
190 63 158 181 208 207 162 120 76 95
248 256 256 256 256 256 256 256 198 166
201 249 115 73 175 216 226 194 169 161
170 172 148 127 136 184 188 159 148 131
116 125 129 237 256 256 256 256 256 256
256 256 256 256 256 247 253 118 105 118
119 129 145 118 110 99 81 66 225 253
250 256 256 170 163 201 190 63 157 180
198 209 178 142 101 87 161 254 256 256
256 256 256 211 166 184 246 226 59 112
232 231 194 147 143 153 127 135 169 159
147 124 147 188 187 164 146 130 120 130
174 246 256 256 256 256 256 256 256 256
256 252 253 162 103 110 118 126 139 124
113 97 88 66 187 253 250 256 256 170
163 201 190 63 156 182 191 209 184 162
135 111 109 155 199 233 230 198 181 166
189 219 245 146 65 183 250 182 101 98
99 137 160 124 125 183 175 163 138 123
150 188 189 165 139 127 127 128 187 256
256 256 256 256 256 256 253 256 253 203
105 104 115 122 134 130 116 93 95 69
157 253 250 256 256 170 163 201 190 63
155 183 189 207 185 172 164 139 144 139
144 148 152 158 165 190 222 256 205 48
117 243 208 122 79 47 85 109 170 164
85 160 188 188 181 164 137 129 159 199
189 157 151 126 132 129 192 256 256 256
256 256 256 248 256 248 102 112 108 122
127 141 115 106 87 83 96 251 251 256
256 178 143 197 199 59 139 192 191 191
197 163 154 183 183 173 170 175 177 184
210 241 256 178 48 103 170 236 190 103
67 18 87 140 149 210 83 136 188 189
189 185 176 164 144 123 157 201 186 154
145 132 128 135 208 248 256 256 256 256
256 248 164 92 108 116 123 133 122 107
91 88 81 239 250 256 256 181 146 183
201 70 133 180 193 200 201 172 146 132
177 219 234 221 229 256 244 206 108 62
108 172 182 237 172 101 55 24 165 126
152 194 129 106 174 180 186 191 195 189
175 164 138 129 163 205 188 152 140 132
114 154 193 252 256 256 256 252 227 85
111 111 119 126 129 110 96 92 69 200
249 256 256 197 147 164 198 94 119 175
193 193 200 190 164 140 126 119 122 133
129 106 81 71 92 135 179 174 205 240
162 94 46 36 235 118 145 169 177 83
154 185 196 187 190 192 192 197 174 154
134 135 171 200 180 146 135 120 100 187
256 250 256 256 251 119 105 107 116 124
131 117 100 94 71 144 248 256 256 227
140 151 187 132 91 170 197 186 198 198
183 182 176 151 130 130 125 119 131 155
176 189 188 179 233 219 143 82 35 64
256 142 131 146 194 110 129 177 193 179
186 194 189 187 197 191 183 149 123 137
169 201 153 103 49 168 256 254 256 256
251 184 91 102 112 125 126 124 103 94
87 92 242 252 256 256 135 142 168 173
76 150 198 197 197 193 180 182 190 192
188 178 174 178 185 185 187 179 187 182
249 205 105 72 13 120 256 201 117 131
177 161 97 156 189 190 192 189 183 190
182 196 186 178 184 145 119 160 130 85
34 176 254 256 256 252 251 240 103 97
106 119 120 125 111 96 98 69 205 251
256 256 158 134 150 187 99 120 180 207
194 192 188 174 193 185 182 187 187 182
181 187 181 196 186 205 253 180 100 54
0 183 256 248 132 118 140 175 121 145
162 179 191 188 186 198 182 188 196 194
179 191 216 199 127 87 47 176 256 256
256 252 252 253 164 95 98 109 117 123
122 101 95 76 135 248 256 256 213 130
137 166 147 107 153 200 194 194 194 181
192 193 190 186 185 187 183 178 191 174
187 256 231 123 95 30 47 234 256 256
195 118 115 139 153 142 133 144 171 187
186 181 193 193 178 188 183 192 224 196
124 85 53 170 256 249 256 256 249 253
230 97 93 99 115 120 131 106 88 91
77 246 256 256 256 128 130 136 180 114
137 188 198 191 182 181 190 188 187 185
182 180 185 190 183 195 234 246 185 100
47 28 114 256 254 256 256 133 110 102
114 142 156 141 132 152 179 188 188 192
182 200 182 185 236 203 132 83 53 164
256 256 256 256 251 256 244 166 87 104
101 121 130 113 96 94 76 176 249 256
256 185 110 129 148 170 116 139 175 183
198 188 193 196 197 194 194 195 191 184
188 219 251 181 111 55 12 24 233 251
256 252 256 223 114 68 77 91 109 135
152 128 122 170 174 187 185 184 198 177
242 206 130 83 44 167 256 256 256 253
251 256 253 233 102 98 100 115 122 123
105 90 83 104 249 256 248 256 134 103
136 149 160 112 145 172 177 185 198 195
192 192 192 192 197 200 232 237 193 109
70 32 11 143 256 256 247 248 256 256
160 121 76 84 86 115 110 155 148 126
135 156 187 176 196 192 224 202 129 83
44 167 251 256 256 256 256 252 253 253
174 80 105 94 115 132 114 102 86 85
180 253 256 254 234 117 110 125 147 162
120 147 173 186 197 195 197 204 210 213
221 230 217 161 114 84 32 10 75 251
250 256 256 256 253 223 151 144 110 67
66 80 90 120 125 157 143 119 157 179
188 189 232 212 129 81 44 167 254 256
256 256 256 252 243 249 245 116 83 97
108 126 120 115 94 91 108 252 251 256
256 208 102 87 125 120 138 150 131 148
158 165 177 188 190 185 175 167 132 101
71 28 17 52 236 256 256 247 254 245
253 168 156 147 56 30 152 126 88 82
106 115 137 150 128 128 161 182 229 192
127 81 44 167 256 256 256 251 254 256
253 253 253 204 82 101 95 112 122 115
99 91 92 185 256 256 253 256 207 111
82 90 106 110 120 130 145 150 150 145
141 134 119 100 80 54 22 17 57 232
256 253 256 248 253 253 228 142 148 86
32 93 248 256 196 97 81 92 97 122
144 149 125 139 217 204 125 80 44 169
256 252 256 252 248 256 253 253 251 250
168 70 84 101 111 123 107 105 95 95
246 252 256 256 256 232 111 86 74 74
85 87 88 92 91 85 82 78 65 48
37 12 22 134 256 256 253 250 250 252
253 243 162 141 126 36 42 221 256 256
256 237 155 80 83 86 111 139 147 137
153 205 123 78 42 169 256 250 256 256
252 256 246 248 253 248 251 108 83 89
99 121 121 110 100 81 148 243 256 256
256 256 256 189 121 60 51 53 55 52
50 49 42 29 22 20 29 124 216 256
256 244 251 251 253 253 243 207 149 139
63 22 156 250 252 256 254 256 256 224
118 86 82 97 113 140 155 183 121 76
42 167 256 251 256 254 256 256 250 253
253 253 250 221 91 79 100 97 124 107
109 109 88 197 253 256 256 256 254 256
253 232 186 132 100 75 58 62 75 100
147 192 253 256 256 253 250 253 242 251
247 253 232 149 136 92 14 101 251 251
253 246 254 256 252 256 256 190 87 81
99 100 118 149 118 74 41 167 256 256
256 256 256 256 256 256 249 252 253 253
182 90 78 95 94 139 101 112 99 103
222 251 253 248 256 256 256 256 256 253
256 256 256 256 256 256 256 256 256 256
256 256 250 251 251 251 252 243 165 141
115 23 61 243 251 251 251 253 253 253
256 256 256 256 243 155 84 77 99 105
108 77 39 164 256 256 256 256 256 256
256 256 256 256 251 252 251 170 75 82
96 85 129 115 102 105 121 236 245 251
252 252 256 243 250 256 256 254 256 256
256 256 254 256 256 256 245 248 252 250
251 245 253 167 149 137 28 46 230 251
251 251 251 251 251 253 253 253 256 248
256 256 216 129 80 77 97 74 46 157
256 256 256 256 256 256 256 256 253 252
256 253 256 247 153 80 85 76 113 117
112 113 104 140 250 242 251 250 253 253
247 256 251 252 253 256 256 256 254 253
253 250 253 253 253 253 242 251 177 152
140 34 33 215 248 250 251 251 251 251
251 251 251 251 251 256 256 256 256 256
184 98 71 70 42 165 256 256 256 256
256 256 256 256 252 254 256 256 246 256
245 149 60 87 77 99 123 112 108 91
135 234 250 247 253 253 256 253 252 253
253 253 253 253 253 252 249 253 250 253
246 251 250 181 150 143 42 37 205 252
250 253 253 253 253 253 253 253 251 251
251 253 256 253 254 256 256 249 157 69
58 156 256 256 256 256 256 256 256 256
256 256 248 256 256 250 256 247 150 67
70 78 97 127 108 118 103 136 223 251
242 251 252 256 256 256 256 254 254 253
253 253 251 253 253 246 256 246 168 150
140 42 42 206 256 256 256 248 256 256
256 253 253 253 253 253 247 249 256 256
256 256 256 256 250 215 120 156 256 256
256 256 256 256 256 256 256 249 256 252
256 256 249 256 251 164 65 71 75 70
120 126 120 116 125 201 253 256 256 256
256 256 256 253 253 256 256 256 256 246
251 256 214 163 157 123 32 53 234 256
243 256 256 256 256 256 256 256 256 256
256 256 250 250 253 256 256 256 256 256
256 250 251 253 256 256 256 256 256 256
256 256 252 246 256 252 247 256 256 248
244 251 200 77 54 73 67 94 120 112
117 115 152 223 256 256 253 256 256 256
256 256 256 251 250 256 240 176 145 157
100 14 107 250 256 256 256 256 253 249
256 256 256 256 256 256 256 256 247 248
252 256 256 256 256 256 256 256 247 252
256 256 256 256 256 256 256 256 256 256
251 256 256 250 256 256 253 244 251 236
129 50 62 61 75 110 124 126 127 125
159 206 251 256 256 256 256 256 253 247
215 182 147 161 134 30 43 180 253 256
253 254 256 252 256 256 256 256 256 256
256 256 256 256 250 249 253 256 256 256
256 254 254 256 253 252 256 256 256 256
256 256 256 256 256 256 256 256 256 256
256 256 252 253 251 253 253 194 102 52
56 55 75 108 128 130 126 123 132 148
164 171 175 171 155 137 152 146 117 49
24 122 233 253 256 256 256 256 256 256
256 256 256 256 256 256 256 256 256 256
256 256 256 256 256 256 256 256 256 256
256 256 256 256 256 256 256 256 256 256
256 256 256 256 256 256 256 256 252 248
253 253 253 253 231 190 87 63 44 46
59 82 107 124 132 139 144 145 143 140
132 124 81 28 36 129 219 253 253 246
256 256 256 256 256 256 256 256 256 256
256 256 256 256 256 256 256 256 256 256
256 256 256 256 256 256 256 256 256 256
256 256 256 256 256 256 256 256 256 256
256 256 256 256 253 249 253 253 244 253
253 246 253 202 134 77 40 29 34 40
44 46 50 51 43 31 24 24 87 165
231 251 252 251 250 253 256 256 256 256
256 256 256 256 256 256 256 256 256 256
256 256 256 256 256 256 256 256 256 256
256 256 256 256 256 256 256 256 256 256
256 256 256 256 256 256 256 256 256 256
256 256 253 253 253 249 247 253 253 251
251 248 225 188 147 116 100 90 88 100
121 154 200 241 253 253 250 248 253 253
253 256 256 256 256 256 256 256 256 256
256 256 256 256 256 256 256 256 256 256
256 256 256 256 256 256 256 256 256 256
